(3,744,18)
(3,238,18)
(3,418,14)
(3,154,18)
(3,744,14)
(3,603,14)
(3,154,33)
(3,238,15)
(3,744,33)
(3,603,33)
(3,603,18)
(4,72,18)
(4,30,18)
(7,289,127)
(7,288,128)
(7,288,127)
(10,159,81)
(11,344,24)
(11,292,24)
(11,288,24)
(11,257,24)
(11,289,24)
(11,89,24)
(11,285,24)
(11,333,24)
(11,67,24)
(11,72,24)
(12,333,109)
(12,288,24)
(12,67,24)
(12,333,73)
(12,333,24)
(12,289,24)
(13,89,130)
(13,292,214)
(13,89,234)
(13,289,202)
(13,285,130)
(13,89,24)
(13,292,234)
(13,289,49)
(13,89,124)
(13,289,200)
(13,89,215)
(13,67,39)
(13,292,130)
(13,67,215)
(13,89,201)
(13,289,167)
(13,292,213)
(13,89,206)
(13,89,39)
(13,89,230)
(13,67,213)
(13,285,209)
(13,89,200)
(13,67,234)
(13,289,208)
(13,292,229)
(13,289,24)
(13,289,230)
(13,67,199)
(13,289,232)
(13,89,49)
(13,292,200)
(13,292,49)
(13,89,207)
(13,292,228)
(13,67,49)
(13,292,208)
(13,89,235)
(13,289,203)
(13,292,231)
(13,289,231)
(13,292,206)
(13,285,208)
(13,89,231)
(13,89,205)
(13,292,39)
(13,289,234)
(13,89,214)
(13,67,231)
(13,289,213)
(13,89,204)
(13,289,206)
(13,89,228)
(13,67,18)
(13,285,49)
(13,89,18)
(13,289,209)
(13,67,167)
(13,289,199)
(13,67,208)
(13,89,202)
(13,289,130)
(13,292,18)
(13,289,134)
(13,89,213)
(13,89,208)
(13,67,134)
(13,67,130)
(13,89,233)
(13,67,209)
(13,289,18)
(13,292,167)
(13,67,203)
(13,285,39)
(13,289,215)
(13,292,134)
(13,89,134)
(13,285,200)
(13,285,167)
(13,67,200)
(13,289,229)
(13,89,203)
(13,89,229)
(13,292,24)
(13,89,209)
(13,285,233)
(13,89,232)
(13,292,209)
(13,89,199)
(13,67,24)
(13,67,206)
(13,289,39)
(13,289,228)
(13,89,167)
(13,285,24)
(21,67,203)
(21,289,127)
(21,289,367)
(21,300,24)
(21,289,349)
(21,288,127)
(21,295,24)
(21,289,353)
(21,289,350)
(21,89,39)
(21,89,203)
(21,289,24)
(21,67,130)
(21,89,364)
(21,289,73)
(21,289,200)
(21,67,354)
(21,289,203)
(21,289,346)
(21,289,130)
(21,289,372)
(21,257,39)
(21,67,346)
(21,289,39)
(21,289,362)
(21,89,79)
(21,288,364)
(21,288,39)
(21,289,347)
(21,67,127)
(21,89,347)
(21,89,130)
(21,89,24)
(21,257,130)
(21,289,79)
(21,89,127)
(21,288,130)
(21,289,354)
(21,289,359)
(21,257,24)
(21,289,374)
(21,89,73)
(21,289,348)
(21,67,73)
(21,257,346)
(21,300,130)
(21,89,200)
(21,67,200)
(21,67,364)
(21,67,24)
(21,289,364)
(21,288,24)
(21,67,39)
(21,300,39)
(25,292,24)
(25,157,403)
(25,300,24)
(25,157,402)
(25,157,401)
(25,289,24)
(25,292,209)
(25,289,209)
(25,285,24)
(25,67,24)
(25,89,24)
(25,67,209)
(25,157,24)
(25,285,209)
(25,89,209)
(25,157,209)
(25,265,24)
(26,72,127)
(26,72,412)
(26,72,1)
(26,72,285)
(26,225,127)
(31,72,507)
(31,72,514)
(31,72,187)
(31,289,199)
(31,289,187)
(31,72,352)
(31,72,495)
(31,289,210)
(31,173,18)
(31,72,494)
(31,72,19)
(31,289,39)
(31,72,195)
(31,72,503)
(31,72,497)
(31,72,508)
(31,173,195)
(31,72,210)
(31,72,506)
(31,30,18)
(31,72,39)
(31,72,500)
(31,72,496)
(31,72,447)
(31,289,309)
(31,289,285)
(31,72,74)
(31,72,512)
(31,72,498)
(31,72,511)
(31,72,25)
(31,289,18)
(31,72,515)
(31,72,499)
(31,72,199)
(31,72,285)
(31,72,309)
(31,72,510)
(31,72,18)
(31,289,508)
(31,289,352)
(31,72,16)
(38,65,231)
(39,603,14)
(39,744,33)
(39,603,33)
(39,603,18)
(39,744,18)
(39,744,14)
(43,154,21)
(43,72,13)
(45,67,24)
(45,288,637)
(45,292,39)
(45,292,130)
(45,292,18)
(45,67,18)
(45,289,39)
(45,67,130)
(45,289,24)
(45,288,18)
(45,292,24)
(45,289,130)
(45,288,130)
(45,295,24)
(45,288,39)
(45,289,18)
(45,288,24)
(45,67,39)
(46,157,167)
(46,285,130)
(46,89,39)
(46,289,662)
(46,67,39)
(46,67,18)
(46,89,130)
(46,288,675)
(46,289,508)
(46,292,24)
(46,89,24)
(46,292,18)
(46,288,508)
(46,67,234)
(46,288,671)
(46,288,167)
(46,306,39)
(46,306,24)
(46,300,508)
(46,306,130)
(46,285,24)
(46,288,680)
(46,190,234)
(46,289,234)
(46,89,49)
(46,288,681)
(46,288,679)
(46,67,49)
(46,67,508)
(46,306,662)
(46,289,130)
(46,292,234)
(46,306,18)
(46,288,213)
(46,190,508)
(46,190,213)
(46,190,18)
(46,157,39)
(46,292,213)
(46,292,130)
(46,288,234)
(46,289,199)
(46,289,18)
(46,285,103)
(46,292,39)
(46,89,199)
(46,67,199)
(46,288,130)
(46,289,49)
(46,333,24)
(46,288,103)
(46,257,24)
(46,257,130)
(46,285,508)
(46,300,39)
(46,289,167)
(46,285,39)
(46,292,49)
(46,288,39)
(46,289,39)
(46,257,167)
(46,288,663)
(46,300,24)
(46,288,662)
(46,285,49)
(46,285,167)
(46,288,674)
(46,289,24)
(46,67,130)
(46,288,632)
(46,288,678)
(46,288,682)
(46,89,18)
(46,257,39)
(46,289,213)
(46,157,234)
(46,288,672)
(46,288,24)
(46,288,199)
(46,292,167)
(46,288,18)
(46,157,24)
(46,288,49)
(46,67,213)
(46,67,24)
(46,67,167)
(47,289,349)
(47,289,202)
(47,289,686)
(47,289,182)
(47,289,636)
(48,67,705)
(48,288,24)
(48,67,708)
(48,289,24)
(48,67,688)
(48,288,39)
(48,67,73)
(48,295,24)
(48,227,73)
(48,289,713)
(48,67,713)
(48,289,73)
(48,157,527)
(48,289,213)
(48,67,130)
(48,157,24)
(48,289,109)
(48,289,130)
(48,67,213)
(48,288,130)
(48,67,238)
(48,67,689)
(48,157,109)
(48,306,24)
(48,306,39)
(48,288,364)
(48,67,710)
(48,157,238)
(48,157,73)
(48,288,213)
(48,289,238)
(48,67,712)
(48,157,39)
(48,289,39)
(48,67,19)
(48,289,364)
(48,306,130)
(48,67,109)
(48,67,697)
(48,67,364)
(48,67,24)
(48,157,712)
(48,67,527)
(48,67,39)
(48,67,706)
(48,289,527)
(49,1081,130)
(49,67,130)
(49,295,167)
(49,289,167)
(49,289,24)
(49,257,130)
(49,89,167)
(49,292,130)
(49,55,24)
(49,67,167)
(49,257,24)
(49,295,24)
(49,257,167)
(49,173,24)
(49,292,24)
(49,89,130)
(49,67,24)
(49,55,130)
(49,288,24)
(49,1081,24)
(49,72,24)
(49,89,24)
(49,289,130)
(49,288,130)
(49,292,167)
(49,288,167)
(50,233,737)
(50,903,121)
(53,300,657)
(53,89,658)
(54,289,754)
(54,67,209)
(54,67,754)
(54,285,346)
(54,293,24)
(54,157,24)
(54,289,209)
(54,157,209)
(54,67,346)
(54,285,209)
(54,67,24)
(54,289,24)
(54,289,346)
(54,285,24)
(58,65,285)
(58,89,234)
(58,67,130)
(58,89,771)
(58,257,39)
(58,333,24)
(58,475,285)
(58,293,130)
(58,300,39)
(58,233,285)
(58,89,774)
(58,157,767)
(58,89,130)
(58,292,234)
(58,289,671)
(58,475,352)
(58,288,24)
(58,289,184)
(58,288,130)
(58,67,184)
(58,288,39)
(58,89,767)
(58,289,785)
(58,72,352)
(58,72,285)
(58,227,73)
(58,292,39)
(58,89,671)
(58,72,24)
(58,291,24)
(58,289,352)
(58,291,234)
(58,191,234)
(58,227,184)
(58,265,352)
(58,257,234)
(58,289,772)
(58,289,209)
(58,89,776)
(58,289,636)
(58,257,24)
(58,300,24)
(58,67,73)
(58,227,24)
(58,289,777)
(58,289,790)
(58,65,73)
(58,289,789)
(58,157,209)
(58,285,73)
(58,289,73)
(58,190,234)
(58,72,73)
(58,89,73)
(58,285,352)
(58,89,39)
(58,288,234)
(58,190,73)
(58,321,24)
(58,344,130)
(58,89,24)
(58,89,285)
(58,157,24)
(58,72,234)
(58,292,24)
(58,291,73)
(58,89,773)
(58,265,130)
(58,291,184)
(58,289,767)
(58,233,234)
(58,257,130)
(58,265,24)
(58,285,39)
(58,289,778)
(58,292,774)
(58,292,73)
(58,191,73)
(58,293,39)
(58,293,73)
(58,190,352)
(58,89,786)
(58,289,776)
(58,67,209)
(58,89,184)
(58,285,209)
(58,475,24)
(58,289,774)
(58,72,184)
(58,289,730)
(58,157,352)
(58,89,789)
(58,257,767)
(58,333,73)
(58,289,130)
(58,289,782)
(58,190,285)
(58,157,234)
(58,288,671)
(58,157,73)
(58,285,24)
(58,300,730)
(58,344,24)
(58,89,209)
(58,230,73)
(58,67,24)
(58,89,778)
(58,300,234)
(58,295,24)
(58,289,771)
(58,67,39)
(58,289,768)
(58,289,786)
(58,223,73)
(58,292,130)
(58,289,773)
(58,293,24)
(58,257,352)
(58,291,130)
(58,67,234)
(58,209,73)
(58,89,777)
(58,89,730)
(58,292,730)
(58,72,39)
(58,289,285)
(58,67,285)
(58,89,772)
(58,157,39)
(58,285,130)
(58,233,73)
(58,257,209)
(58,344,285)
(58,344,234)
(58,72,209)
(58,289,766)
(58,67,352)
(58,300,130)
(58,289,39)
(58,89,766)
(58,227,352)
(58,300,774)
(58,89,765)
(58,289,234)
(58,155,209)
(58,289,24)
(58,292,209)
(58,288,285)
(59,233,238)
(59,233,816)
(59,233,815)
(59,475,370)
(59,72,56)
(59,72,79)
(59,72,799)
(59,233,370)
(59,233,817)
(59,233,79)
(59,233,808)
(59,233,56)
(59,233,804)
(59,233,191)
(59,289,213)
(59,233,807)
(59,233,805)
(59,289,370)
(59,233,795)
(59,233,814)
(59,233,213)
(59,233,811)
(59,289,229)
(59,89,229)
(59,233,796)
(59,72,801)
(59,233,229)
(59,233,801)
(59,289,797)
(59,233,232)
(59,233,46)
(59,89,232)
(59,233,798)
(59,233,737)
(59,233,794)
(59,378,79)
(59,233,802)
(59,475,238)
(59,89,793)
(59,233,797)
(59,233,793)
(59,187,56)
(59,89,238)
(59,72,229)
(59,377,79)
(59,289,238)
(59,233,813)
(59,233,189)
(59,233,61)
(59,233,799)
(59,72,238)
(59,72,213)
(62,72,16)
(62,72,838)
(62,187,25)
(62,72,352)
(62,72,844)
(62,72,831)
(62,72,426)
(62,72,514)
(62,72,74)
(62,72,233)
(62,72,230)
(62,72,832)
(62,72,395)
(62,72,209)
(62,173,79)
(62,72,213)
(62,72,195)
(62,72,18)
(62,173,195)
(62,72,25)
(62,72,56)
(62,72,79)
(62,72,840)
(62,72,662)
(62,187,56)
(62,72,508)
(62,72,17)
(62,173,56)
(62,72,837)
(62,72,825)
(62,173,18)
(62,72,841)
(62,72,238)
(62,72,801)
(62,72,833)
(66,72,885)
(66,72,919)
(66,72,901)
(66,72,907)
(66,72,889)
(66,72,899)
(66,72,891)
(66,72,896)
(66,72,895)
(69,154,18)
(69,154,26)
(73,51,972)
(73,51,964)
(73,51,968)
(73,51,965)
(73,51,960)
(73,51,963)
(73,51,969)
(73,51,957)
(73,51,956)
(73,51,962)
(73,51,961)
(75,89,39)
(75,292,130)
(75,289,24)
(75,498,130)
(75,89,130)
(75,292,39)
(75,67,24)
(75,67,39)
(75,289,39)
(75,333,24)
(75,89,24)
(75,88,24)
(75,289,130)
(75,67,130)
(75,292,24)
(76,89,127)
(77,377,73)
(78,603,47)
(78,603,626)
(78,603,14)
(78,154,33)
(78,102,33)
(78,748,14)
(78,748,47)
(78,744,14)
(78,72,33)
(78,154,47)
(78,102,14)
(78,603,33)
(78,744,47)
(78,744,33)
(78,72,14)
(78,418,14)
(78,190,33)
(84,706,72)
(84,917,386)
(84,707,72)
(84,706,386)
(84,707,386)
(89,292,79)
(89,292,73)
(95,289,1154)
(99,173,79)
(99,227,78)
(99,72,229)
(99,30,18)
(99,227,229)
(99,72,234)
(99,72,207)
(99,72,16)
(99,59,79)
(99,72,412)
(99,72,1212)
(99,72,713)
(99,72,18)
(99,59,18)
(99,173,78)
(99,72,79)
(99,173,18)
(99,230,78)
(99,59,16)
(101,498,169)
(101,412,182)
(101,498,79)
(101,512,79)
(101,377,78)
(101,333,169)
(101,333,73)
(101,412,169)
(101,377,73)
(101,412,73)
(101,377,79)
(101,412,181)
(101,498,73)
(101,412,79)
(102,227,73)
(102,227,1236)
(102,227,352)
(104,67,130)
(104,67,192)
(104,67,24)
(104,67,134)
(107,707,91)
(107,917,386)
(107,707,386)
(107,198,386)
(109,163,72)
(109,198,72)
(109,707,352)
(109,227,73)
(109,707,386)
(109,599,192)
(109,706,192)
(109,227,352)
(109,706,73)
(109,707,73)
(109,707,25)
(109,163,73)
(109,599,25)
(109,163,352)
(109,198,386)
(109,163,192)
(109,599,352)
(109,706,386)
(109,706,25)
(109,227,192)
(109,706,72)
(109,707,72)
(109,163,25)
(109,198,73)
(110,257,24)
(110,289,1319)
(110,289,1313)
(110,289,1311)
(110,289,1292)
(110,289,1314)
(110,279,24)
(110,289,1318)
(110,285,24)
(110,289,1321)
(110,289,1291)
(110,289,1298)
(110,289,130)
(110,289,1304)
(110,289,649)
(110,279,130)
(110,67,209)
(110,289,24)
(110,285,209)
(110,89,130)
(110,289,1303)
(110,155,209)
(110,67,215)
(110,289,1320)
(110,289,1306)
(110,89,24)
(110,289,1295)
(110,67,130)
(110,289,213)
(110,289,215)
(110,67,213)
(110,67,24)
(110,289,209)
(110,289,358)
(110,289,1309)
(110,289,1294)
(110,289,1293)
(110,89,1294)
(110,257,130)
(110,289,1297)
(110,67,358)
(110,285,130)
(110,289,1296)
(110,289,686)
(110,257,209)
(111,233,61)
(114,227,73)
(114,227,75)
(114,706,192)
(114,227,192)
(114,706,73)
(114,227,387)
(114,599,387)
(114,599,192)
(114,228,73)
(115,2873,445)
(117,441,18)
(117,51,16)
(117,72,16)
(117,51,25)
(117,441,16)
(117,51,18)
(117,159,25)
(117,159,16)
(117,72,25)
(117,72,18)
(117,441,25)
(120,265,130)
(120,288,213)
(120,300,24)
(120,227,24)
(120,89,364)
(120,291,130)
(120,321,24)
(120,289,213)
(120,291,49)
(120,291,784)
(120,229,285)
(120,67,285)
(120,89,285)
(120,265,24)
(120,67,213)
(120,289,285)
(120,293,24)
(120,344,364)
(120,329,24)
(120,190,285)
(120,292,130)
(120,291,213)
(120,293,109)
(120,279,130)
(120,292,364)
(120,291,285)
(120,292,213)
(120,288,130)
(120,292,24)
(120,325,109)
(120,288,24)
(120,67,130)
(120,291,1396)
(120,291,24)
(120,190,213)
(120,67,49)
(120,291,1395)
(120,89,213)
(120,89,130)
(120,289,364)
(120,344,285)
(120,289,130)
(120,229,24)
(120,293,130)
(120,279,24)
(120,288,285)
(120,288,49)
(120,257,24)
(120,333,24)
(120,279,49)
(120,265,49)
(120,292,49)
(120,157,109)
(120,291,364)
(120,257,130)
(120,300,109)
(120,157,24)
(120,67,364)
(120,67,24)
(120,344,130)
(120,89,24)
(120,344,49)
(120,265,364)
(120,190,364)
(120,300,49)
(120,288,109)
(120,67,109)
(120,344,24)
(120,300,130)
(120,288,364)
(120,289,109)
(120,289,49)
(120,291,109)
(120,289,24)
(120,89,49)
(120,333,130)
(120,333,109)
(124,30,17)
(124,30,18)
(124,72,16)
(124,72,17)
(124,72,18)
(124,173,18)
(125,67,73)
(125,227,247)
(125,227,1434)
(125,227,73)
(129,288,24)
(129,173,24)
(129,67,24)
(129,300,24)
(129,285,24)
(129,289,24)
(129,285,39)
(129,291,24)
(129,292,128)
(129,72,24)
(129,300,39)
(129,288,39)
(129,157,39)
(129,285,49)
(129,89,24)
(129,291,49)
(129,257,39)
(129,89,39)
(129,265,49)
(129,306,24)
(129,292,24)
(129,289,49)
(129,67,128)
(129,89,658)
(129,344,24)
(129,306,39)
(129,257,24)
(129,344,49)
(129,89,128)
(129,89,49)
(129,67,49)
(129,288,128)
(129,292,49)
(129,289,39)
(129,89,1465)
(129,300,49)
(129,227,24)
(129,227,128)
(129,67,39)
(129,157,24)
(129,265,24)
(129,72,39)
(129,333,24)
(129,288,49)
(129,292,39)
(133,67,24)
(133,295,24)
(133,157,24)
(133,333,24)
(133,291,24)
(133,288,24)
(133,292,512)
(133,173,24)
(133,89,24)
(133,289,24)
(133,293,24)
(133,292,24)
(133,344,24)
(133,227,24)
(133,67,512)
(133,300,24)
(133,257,24)
(136,292,1489)
(136,89,228)
(136,289,1490)
(136,292,228)
(136,300,228)
(136,289,1489)
(136,289,228)
(136,292,1490)
(140,159,73)
(140,159,78)
(140,72,73)
(143,291,24)
(143,187,24)
(143,289,24)
(143,292,24)
(143,157,24)
(143,285,24)
(143,279,24)
(143,89,24)
(143,1244,24)
(144,157,1590)
(144,233,238)
(144,157,1589)
(144,67,238)
(144,157,238)
(144,157,1586)
(144,157,1588)
(144,67,358)
(144,190,238)
(144,157,1587)
(144,157,1585)
(144,157,1591)
(144,289,1592)
(144,300,238)
(144,289,238)
(144,157,1584)
(144,89,238)
(144,292,238)
(144,289,358)
(144,157,1583)
(144,285,238)
(147,155,209)
(147,289,200)
(147,289,109)
(147,289,662)
(147,285,200)
(147,289,24)
(147,285,24)
(147,285,39)
(147,285,209)
(147,289,1614)
(147,289,234)
(147,289,39)
(147,289,209)
(147,289,1613)
(149,227,24)
(149,498,130)
(150,295,167)
(150,289,831)
(150,257,208)
(150,285,167)
(150,257,1630)
(150,289,208)
(150,157,167)
(150,292,167)
(150,288,208)
(150,67,208)
(150,89,208)
(150,292,1212)
(150,288,1212)
(150,257,831)
(150,288,167)
(150,289,1212)
(150,157,831)
(150,257,1212)
(150,295,208)
(150,257,1633)
(150,67,167)
(150,292,208)
(150,257,167)
(150,289,167)
(150,89,167)
(150,257,1632)
(150,285,208)
(150,89,831)
(150,288,831)
(152,234,206)
(152,67,206)
(152,288,730)
(152,154,730)
(152,89,206)
(152,300,206)
(152,289,206)
(152,292,206)
(152,292,730)
(152,89,730)
(152,289,730)
(152,288,206)
(152,300,730)
(154,233,78)
(154,226,78)
(156,154,387)
(159,67,39)
(159,289,130)
(159,257,130)
(159,67,130)
(159,72,39)
(159,289,79)
(159,67,73)
(159,257,39)
(159,72,73)
(159,289,39)
(159,289,18)
(159,72,18)
(159,289,73)
(159,72,56)
(159,72,79)
(159,67,18)
(159,265,130)
(162,288,24)
(162,257,24)
(162,300,24)
(162,291,24)
(162,227,24)
(162,89,24)
(162,67,24)
(162,51,200)
(162,292,200)
(162,344,24)
(162,289,200)
(162,173,24)
(162,67,200)
(162,289,24)
(162,295,24)
(162,279,24)
(162,89,200)
(162,292,24)
(162,306,24)
(162,182,24)
(162,229,24)
(162,329,24)
(171,227,73)
(171,227,78)
(172,233,73)
(172,72,79)
(172,233,79)
(172,228,73)
(172,159,79)
(172,89,73)
(172,89,79)
(172,163,73)
(172,159,78)
(172,89,1237)
(172,89,127)
(172,4625,73)
(172,228,79)
(172,89,184)
(172,72,184)
(172,72,195)
(172,159,73)
(172,512,79)
(172,159,127)
(172,72,127)
(172,72,73)
(172,233,78)
(175,344,1871)
(177,154,73)
(177,67,73)
(177,227,73)
(177,227,192)
(177,67,192)
(179,89,231)
(179,89,24)
(179,157,526)
(179,190,231)
(179,344,24)
(179,285,39)
(179,279,39)
(179,190,526)
(179,288,231)
(179,289,24)
(179,289,39)
(179,288,39)
(179,292,231)
(179,67,24)
(179,51,39)
(179,333,24)
(179,292,24)
(179,89,39)
(179,257,39)
(179,157,39)
(179,89,1912)
(179,72,39)
(179,279,24)
(179,257,24)
(179,72,24)
(179,295,24)
(179,157,24)
(179,285,24)
(179,67,231)
(179,67,39)
(179,72,526)
(179,89,526)
(179,291,24)
(179,288,24)
(179,300,24)
(179,279,526)
(179,279,231)
(179,291,231)
(179,289,231)
(179,292,39)
(179,300,39)
(181,159,79)
(181,173,79)
(181,190,79)
(181,159,73)
(181,154,73)
(181,173,73)
(181,154,79)
(181,190,73)
(183,72,1940)
(183,72,1939)
(196,67,508)
(196,51,16)
(196,72,285)
(196,72,389)
(196,51,39)
(196,67,285)
(196,72,213)
(196,72,364)
(196,67,73)
(196,72,18)
(196,72,33)
(196,72,508)
(196,72,39)
(196,159,73)
(196,72,73)
(196,72,195)
(196,51,195)
(196,51,79)
(196,51,78)
(196,67,213)
(196,159,78)
(196,72,210)
(196,51,210)
(196,159,275)
(196,159,16)
(196,72,16)
(196,67,18)
(196,67,364)
(196,67,16)
(196,67,210)
(196,51,18)
(196,72,79)
(196,67,39)
(196,159,79)
(196,51,73)
(196,159,81)
(196,72,275)
(196,72,121)
(198,300,234)
(198,289,234)
(198,190,79)
(198,288,234)
(198,289,79)
(198,234,79)
(198,159,79)
(198,191,234)
(198,190,234)
(198,89,79)
(198,377,1)
(198,89,234)
(198,223,79)
(198,72,234)
(198,72,79)
(198,65,79)
(198,72,1)
(198,377,79)
(202,707,794)
(202,707,2031)
(202,707,2049)
(202,707,2050)
(203,503,385)
(203,503,386)
(203,89,18)
(203,503,2)
(203,289,18)
(203,503,739)
(203,503,1)
(203,503,2053)
(206,428,81)
(206,207,81)
(209,289,636)
(209,265,130)
(209,67,130)
(209,257,130)
(209,289,130)
(209,257,24)
(209,265,24)
(209,67,24)
(209,289,2099)
(209,289,24)
(209,285,24)
(209,285,130)
(210,72,1495)
(210,72,14)
(210,72,79)
(210,72,508)
(210,72,195)
(210,72,17)
(210,72,18)
(210,72,25)
(211,173,18)
(211,173,127)
(211,1084,18)
(211,72,127)
(211,88,18)
(211,72,17)
(211,72,831)
(211,1084,17)
(211,59,18)
(211,72,18)
(211,67,18)
(214,289,24)
(214,67,238)
(214,157,238)
(214,67,209)
(214,292,24)
(214,89,24)
(214,289,209)
(214,285,24)
(214,157,209)
(214,265,24)
(214,289,238)
(214,292,238)
(214,89,209)
(214,285,238)
(214,157,24)
(214,285,209)
(214,67,24)
(214,295,24)
(214,157,1952)
(214,89,238)
(214,288,24)
(214,292,209)
(216,72,79)
(216,72,25)
(216,72,16)
(216,72,74)
(216,154,79)
(218,72,74)
(218,72,18)
(218,72,16)
(226,288,850)
(226,288,632)
(226,288,2219)
(226,89,850)
(226,289,850)
(227,288,234)
(227,292,130)
(227,292,2222)
(227,89,39)
(227,288,213)
(227,292,209)
(227,292,238)
(227,292,2223)
(227,292,625)
(227,89,130)
(227,285,39)
(227,292,213)
(227,333,73)
(227,89,231)
(227,292,210)
(227,288,39)
(227,89,24)
(227,285,209)
(227,285,24)
(227,288,167)
(227,285,167)
(227,292,774)
(227,285,216)
(227,292,234)
(227,292,2226)
(227,292,79)
(227,292,2229)
(227,288,24)
(227,292,727)
(227,333,24)
(227,292,200)
(227,285,130)
(227,285,210)
(227,288,130)
(227,292,2228)
(227,292,231)
(227,285,625)
(227,285,238)
(227,292,642)
(227,292,667)
(227,292,167)
(227,292,39)
(227,292,73)
(227,285,200)
(227,292,481)
(227,292,2221)
(227,292,2220)
(227,292,216)
(227,292,24)
(227,288,231)
(227,285,481)
(227,292,664)
(229,279,167)
(229,292,130)
(229,289,167)
(229,288,304)
(229,292,167)
(229,289,130)
(229,291,130)
(229,292,319)
(229,285,167)
(229,279,130)
(229,375,130)
(229,285,130)
(229,89,167)
(229,55,130)
(229,89,130)
(229,329,167)
(229,1098,130)
(229,288,130)
(229,288,167)
(229,295,167)
(229,288,319)
(232,257,209)
(232,289,238)
(232,285,352)
(232,155,209)
(232,285,208)
(232,288,167)
(232,288,130)
(232,285,216)
(232,157,39)
(232,67,639)
(232,67,238)
(232,67,216)
(232,292,209)
(232,279,625)
(232,289,24)
(232,67,352)
(232,157,209)
(232,279,130)
(232,285,346)
(232,285,210)
(232,67,167)
(232,289,130)
(232,89,39)
(232,292,130)
(232,288,208)
(232,279,39)
(232,285,167)
(232,292,210)
(232,279,167)
(232,292,481)
(232,289,352)
(232,289,639)
(232,279,210)
(232,157,210)
(232,257,625)
(232,285,481)
(232,289,210)
(232,89,208)
(232,157,352)
(232,285,24)
(232,257,24)
(232,292,200)
(232,157,1074)
(232,257,167)
(232,292,167)
(232,67,130)
(232,67,39)
(232,157,481)
(232,289,167)
(232,292,39)
(232,285,39)
(232,157,238)
(232,289,508)
(232,279,24)
(232,288,508)
(232,89,24)
(232,285,200)
(232,89,130)
(232,285,639)
(232,289,216)
(232,289,200)
(232,157,625)
(232,285,447)
(232,285,1074)
(232,285,130)
(232,285,625)
(232,67,208)
(232,285,238)
(232,292,238)
(232,292,24)
(232,279,238)
(232,67,24)
(232,279,481)
(232,292,625)
(232,67,508)
(232,292,216)
(232,67,346)
(232,285,209)
(232,279,352)
(232,257,39)
(232,285,508)
(232,279,216)
(232,209,216)
(232,289,209)
(232,289,208)
(232,257,130)
(232,292,208)
(232,157,24)
(232,289,39)
(232,288,39)
(232,257,208)
(232,289,346)
(232,288,24)
(232,67,209)
(232,157,167)
(233,89,2271)
(236,67,508)
(236,190,352)
(236,89,18)
(236,227,352)
(236,229,78)
(236,67,185)
(236,288,231)
(236,233,824)
(236,67,839)
(236,190,213)
(236,89,850)
(236,292,18)
(236,265,352)
(236,190,850)
(236,72,238)
(236,157,306)
(236,67,234)
(236,378,78)
(236,72,185)
(236,72,389)
(236,265,231)
(236,89,238)
(236,233,213)
(236,89,526)
(236,377,78)
(236,72,213)
(236,67,213)
(236,157,526)
(236,289,850)
(236,233,238)
(236,257,238)
(236,289,213)
(236,67,238)
(236,292,231)
(236,333,238)
(236,257,352)
(236,289,352)
(236,190,18)
(236,292,238)
(236,257,508)
(236,72,13)
(236,190,231)
(236,190,389)
(236,227,195)
(236,89,508)
(236,67,352)
(236,190,195)
(236,289,234)
(236,67,824)
(236,190,185)
(236,190,234)
(236,265,508)
(236,72,18)
(236,157,234)
(236,190,306)
(236,89,234)
(236,72,234)
(236,157,352)
(236,233,839)
(236,89,213)
(236,288,508)
(236,285,352)
(236,285,13)
(236,292,234)
(236,288,234)
(236,233,234)
(236,265,526)
(236,292,508)
(236,190,13)
(236,190,508)
(236,289,185)
(236,67,231)
(236,227,850)
(236,72,352)
(236,288,18)
(236,157,839)
(236,190,526)
(236,72,195)
(236,285,238)
(236,190,238)
(236,190,824)
(236,157,238)
(236,289,508)
(236,190,839)
(236,89,231)
(236,67,18)
(236,289,18)
(236,292,213)
(236,285,508)
(236,190,78)
(236,289,238)
(236,72,508)
(236,288,213)
(236,288,850)
(237,203,389)
(240,292,18)
(240,300,483)
(240,289,508)
(240,209,216)
(240,378,130)
(240,292,130)
(240,289,228)
(240,292,234)
(240,292,206)
(240,300,216)
(240,89,200)
(240,289,24)
(240,292,228)
(240,289,285)
(240,306,130)
(240,289,18)
(240,292,1735)
(240,333,24)
(240,300,24)
(240,89,216)
(240,300,508)
(240,191,228)
(240,329,39)
(240,292,213)
(240,157,234)
(240,292,508)
(240,288,206)
(240,89,483)
(240,89,1735)
(240,89,199)
(240,333,130)
(240,333,238)
(240,289,130)
(240,157,24)
(240,300,228)
(240,288,130)
(240,89,730)
(240,292,238)
(240,89,213)
(240,289,187)
(240,89,24)
(240,306,18)
(240,157,206)
(240,378,234)
(240,292,24)
(240,89,130)
(240,157,39)
(240,289,199)
(240,288,238)
(240,289,234)
(240,89,228)
(240,377,216)
(240,191,234)
(240,191,213)
(240,289,213)
(240,288,508)
(240,288,39)
(240,289,483)
(240,292,39)
(240,306,24)
(240,89,206)
(240,89,39)
(240,306,39)
(240,300,39)
(240,289,200)
(240,157,508)
(240,89,238)
(240,89,508)
(240,157,238)
(240,288,199)
(240,300,238)
(240,289,206)
(240,300,18)
(240,378,213)
(240,289,238)
(240,292,730)
(240,292,200)
(240,89,18)
(240,300,234)
(240,89,187)
(240,288,234)
(240,288,285)
(240,288,24)
(240,288,18)
(240,292,216)
(240,288,213)
(240,300,730)
(240,289,730)
(240,300,130)
(240,288,483)
(240,300,206)
(240,289,39)
(240,89,285)
(240,289,216)
(240,329,24)
(240,288,200)
(240,89,234)
(242,257,208)
(242,292,208)
(243,289,24)
(243,289,18)
(243,67,18)
(243,89,18)
(243,67,503)
(243,67,25)
(243,67,292)
(243,89,24)
(243,67,24)
(247,207,2345)
(247,226,2345)
(248,344,24)
(248,288,206)
(248,292,39)
(248,293,130)
(248,288,130)
(248,288,1212)
(248,300,483)
(248,89,24)
(248,292,206)
(248,289,1212)
(248,288,24)
(248,89,18)
(248,89,483)
(248,288,2347)
(248,289,18)
(248,288,39)
(248,257,130)
(248,289,24)
(248,67,483)
(248,89,128)
(248,173,24)
(248,67,39)
(248,300,130)
(248,89,228)
(248,67,130)
(248,173,18)
(248,289,483)
(248,344,228)
(248,288,18)
(248,89,130)
(248,190,18)
(248,292,18)
(248,207,39)
(248,289,206)
(248,291,130)
(248,288,2350)
(248,289,228)
(248,288,793)
(248,300,206)
(248,67,128)
(248,288,483)
(248,292,128)
(248,333,24)
(248,292,130)
(248,257,24)
(248,190,793)
(248,293,39)
(248,89,793)
(248,292,228)
(248,288,632)
(248,292,673)
(248,67,206)
(248,291,24)
(248,344,206)
(248,300,39)
(248,89,2346)
(248,289,39)
(248,288,128)
(248,293,24)
(248,289,130)
(248,292,1212)
(248,292,24)
(248,344,130)
(248,300,228)
(248,89,39)
(248,288,2346)
(248,67,18)
(248,67,24)
(248,257,39)
(248,300,24)
(248,89,206)
(248,300,18)
(252,300,234)
(252,291,24)
(252,289,234)
(252,292,130)
(252,291,109)
(252,289,109)
(252,300,109)
(252,289,774)
(252,291,49)
(252,289,49)
(252,300,774)
(252,292,49)
(252,292,234)
(252,292,24)
(252,173,195)
(252,289,130)
(252,306,130)
(252,288,49)
(252,265,24)
(252,292,774)
(252,288,234)
(252,288,24)
(252,289,24)
(252,300,49)
(252,291,130)
(252,173,121)
(252,306,24)
(252,300,130)
(252,265,130)
(252,300,24)
(252,265,49)
(252,173,24)
(252,300,2371)
(252,288,130)
(253,89,39)
(253,67,24)
(253,285,130)
(253,291,24)
(253,295,24)
(253,67,39)
(253,293,130)
(253,89,24)
(253,288,24)
(253,89,209)
(253,289,209)
(253,293,24)
(253,289,130)
(253,289,24)
(253,67,209)
(253,288,130)
(253,89,130)
(253,288,39)
(253,291,130)
(253,67,130)
(253,289,39)
(253,285,24)
(253,285,209)
(253,285,39)
(253,293,39)
(255,603,18)
(258,321,24)
(258,157,352)
(258,329,24)
(258,157,210)
(258,289,24)
(258,289,352)
(258,227,352)
(258,89,24)
(258,67,352)
(258,288,24)
(258,292,210)
(258,300,210)
(258,333,24)
(258,285,352)
(258,285,24)
(258,377,210)
(258,67,210)
(258,89,210)
(258,227,24)
(258,292,24)
(258,344,24)
(258,157,24)
(258,289,210)
(258,285,210)
(258,300,24)
(258,67,24)
(260,289,509)
(260,89,209)
(260,292,238)
(260,157,238)
(260,89,238)
(260,157,2411)
(260,289,209)
(260,157,2416)
(260,292,209)
(260,157,509)
(260,285,209)
(260,233,238)
(260,89,509)
(260,285,238)
(260,257,238)
(260,67,209)
(260,257,209)
(260,51,209)
(260,190,238)
(260,67,238)
(260,51,238)
(260,67,509)
(260,157,2414)
(260,157,209)
(260,289,238)
(263,187,287)
(263,187,2443)
(264,51,79)
(264,72,17)
(264,51,73)
(264,159,78)
(264,72,74)
(264,159,73)
(264,159,81)
(264,51,74)
(264,72,79)
(264,72,505)
(264,67,73)
(264,51,78)
(264,72,81)
(264,51,195)
(264,159,79)
(264,72,73)
(264,72,195)
(265,157,352)
(265,233,79)
(265,512,79)
(265,157,79)
(266,190,839)
(266,154,839)
(266,344,839)
(266,89,839)
(266,289,839)
(267,289,109)
(267,89,24)
(267,289,24)
(267,288,109)
(267,288,24)
(274,72,18)
(278,89,238)
(278,227,1955)
(278,289,354)
(278,333,354)
(278,289,1753)
(278,289,850)
(278,67,238)
(278,333,238)
(278,289,2504)
(278,289,1955)
(278,289,238)
(278,89,850)
(278,344,850)
(278,67,364)
(278,289,1097)
(278,289,364)
(278,89,364)
(278,65,850)
(278,227,850)
(278,344,364)
(278,227,1097)
(278,279,238)
(278,67,354)
(278,257,850)
(278,257,238)
(280,89,19)
(280,288,199)
(280,289,24)
(280,89,39)
(280,288,39)
(280,288,238)
(280,292,238)
(280,173,24)
(280,292,24)
(280,292,39)
(280,289,199)
(280,67,24)
(280,285,238)
(280,288,24)
(280,89,199)
(280,89,238)
(280,257,39)
(280,285,24)
(280,89,24)
(280,300,238)
(280,67,39)
(280,67,199)
(280,67,238)
(280,306,39)
(280,300,39)
(280,67,19)
(280,306,24)
(280,257,238)
(280,289,39)
(280,257,24)
(280,285,39)
(280,300,24)
(280,289,238)
(281,917,1)
(281,917,2276)
(281,917,415)
(281,917,2520)
(281,917,386)
(281,918,1)
(281,732,386)
(281,918,386)
(283,238,21)
(283,154,21)
(289,223,81)
(289,154,73)
(289,154,195)
(289,154,81)
(289,154,78)
(289,223,73)
(297,173,24)
(297,173,78)
(297,227,195)
(297,227,292)
(297,227,192)
(297,227,88)
(297,173,73)
(297,227,306)
(297,227,24)
(297,227,78)
(297,173,195)
(297,227,73)
(297,227,735)
(298,289,130)
(298,289,134)
(300,707,73)
(300,705,432)
(300,705,73)
(300,163,73)
(300,705,2614)
(300,227,73)
(302,291,24)
(302,289,206)
(302,89,658)
(302,288,18)
(302,306,39)
(302,288,199)
(302,292,18)
(302,89,18)
(302,157,625)
(302,289,24)
(302,300,24)
(302,89,232)
(302,290,24)
(302,300,39)
(302,289,730)
(302,292,2617)
(302,306,231)
(302,89,206)
(302,292,1727)
(302,289,199)
(302,157,24)
(302,292,625)
(302,89,199)
(302,89,39)
(302,290,130)
(302,300,206)
(302,292,231)
(302,157,39)
(302,288,39)
(302,292,2618)
(302,289,130)
(302,292,206)
(302,300,730)
(302,292,39)
(302,89,231)
(302,89,24)
(302,300,130)
(302,292,730)
(302,306,18)
(302,289,39)
(302,292,130)
(302,89,1727)
(302,288,231)
(302,306,130)
(302,89,730)
(302,306,24)
(302,288,24)
(302,89,130)
(302,289,1727)
(302,291,130)
(302,288,130)
(302,289,18)
(302,292,24)
(304,72,18)
(304,72,74)
(304,173,18)
(305,292,49)
(305,288,49)
(305,288,18)
(305,288,24)
(305,288,39)
(305,292,24)
(305,292,39)
(305,292,130)
(305,288,130)
(305,292,18)
(306,72,2625)
(306,72,2626)
(306,72,2623)
(306,72,2621)
(306,72,2624)
(306,72,2622)
(306,72,2620)
(310,285,639)
(310,475,24)
(310,257,130)
(310,291,130)
(310,67,130)
(310,190,234)
(310,89,128)
(310,157,24)
(310,323,130)
(310,67,24)
(310,292,128)
(310,173,24)
(310,292,2653)
(310,288,39)
(310,285,39)
(310,292,1776)
(310,285,130)
(310,292,24)
(310,292,1735)
(310,192,24)
(310,89,130)
(310,67,128)
(310,291,24)
(310,89,1735)
(310,288,130)
(310,292,797)
(310,288,128)
(310,265,24)
(310,89,639)
(310,157,234)
(310,289,639)
(310,191,234)
(310,257,39)
(310,300,234)
(310,257,24)
(310,67,234)
(310,265,130)
(310,289,130)
(310,257,234)
(310,67,39)
(310,67,639)
(310,285,24)
(310,292,130)
(310,89,234)
(310,292,1091)
(310,292,639)
(310,289,39)
(310,300,39)
(310,289,797)
(310,89,24)
(310,323,24)
(310,157,39)
(310,292,39)
(310,289,24)
(310,288,24)
(310,257,1735)
(310,300,24)
(310,89,39)
(310,288,234)
(310,289,234)
(310,291,234)
(310,292,234)
(310,300,130)
(312,289,24)
(312,257,24)
(312,187,24)
(312,289,370)
(312,72,24)
(312,89,39)
(312,72,508)
(312,72,39)
(312,289,39)
(312,257,39)
(312,257,508)
(312,289,508)
(312,89,370)
(312,89,508)
(312,89,24)
(313,917,1)
(313,706,1)
(313,198,1)
(317,67,1727)
(317,67,210)
(317,599,88)
(317,163,192)
(317,192,192)
(317,157,352)
(317,67,16)
(317,157,735)
(317,163,25)
(317,157,25)
(317,599,18)
(317,227,192)
(317,599,352)
(317,599,247)
(317,599,1727)
(317,157,210)
(317,163,247)
(317,163,88)
(317,67,352)
(317,599,121)
(317,707,25)
(317,157,39)
(317,599,192)
(317,707,352)
(317,67,192)
(317,67,18)
(317,599,735)
(317,227,352)
(317,227,88)
(317,163,735)
(317,227,247)
(317,227,735)
(317,157,192)
(317,157,247)
(317,599,210)
(317,599,16)
(317,157,16)
(317,67,25)
(317,599,39)
(317,599,25)
(317,163,352)
(317,67,39)
(322,331,2777)
(322,331,2775)
(322,331,2774)
(325,72,61)
(325,34,86)
(325,72,575)
(326,289,24)
(327,289,636)
(332,292,2865)
(333,289,636)
(333,289,24)
(333,285,24)
(333,288,24)
(333,289,2866)
(333,292,24)
(333,89,24)
(337,707,386)
(337,707,2548)
(337,707,617)
(337,707,2901)
(337,707,2495)
(337,707,1)
(337,917,2687)
(337,917,1)
(337,917,386)
(337,707,91)
(339,289,24)
(339,306,24)
(339,67,24)
(339,157,24)
(339,288,24)
(339,289,636)
(339,89,24)
(339,292,24)
(342,163,75)
(343,917,415)
(346,72,195)
(346,207,1728)
(346,207,195)
(346,207,84)
(347,377,2980)
(347,377,78)
(349,190,18)
(349,687,1249)
(352,67,1727)
(352,67,39)
(352,227,73)
(352,289,232)
(352,89,2726)
(352,289,73)
(352,89,232)
(352,89,1727)
(352,289,1727)
(352,67,73)
(352,89,2346)
(352,89,658)
(352,289,199)
(352,67,509)
(352,292,1727)
(352,292,73)
(352,289,39)
(352,289,18)
(352,67,18)
(352,89,18)
(352,89,39)
(352,289,509)
(352,292,39)
(352,89,3017)
(352,89,199)
(352,89,73)
(352,67,199)
(352,89,17)
(352,292,18)
(352,89,3016)
(352,89,3014)
(352,89,509)
(354,289,362)
(354,289,3037)
(354,289,3038)
(357,72,275)
(357,72,16)
(357,72,25)
(357,72,79)
(361,257,230)
(361,257,3067)
(361,89,238)
(361,289,238)
(361,157,238)
(361,289,508)
(361,285,238)
(361,89,508)
(361,285,508)
(361,67,238)
(361,257,508)
(361,257,3070)
(361,289,3067)
(361,257,238)
(361,289,230)
(361,157,508)
(361,257,936)
(361,257,3071)
(361,89,230)
(361,67,508)
(364,227,247)
(364,227,292)
(364,227,192)
(371,72,74)
(371,1084,17)
(371,173,18)
(371,72,18)
(371,30,17)
(371,289,18)
(371,67,25)
(371,30,18)
(371,1084,74)
(371,72,17)
(371,67,16)
(371,1084,18)
(371,67,18)
(371,72,25)
(371,1084,16)
(371,72,16)
(372,707,72)
(372,707,73)
(376,707,386)
(378,227,352)
(378,157,167)
(378,285,625)
(378,289,238)
(378,300,234)
(378,292,134)
(378,285,73)
(378,285,209)
(378,285,85)
(378,157,134)
(378,157,352)
(378,157,799)
(378,289,640)
(378,1244,24)
(378,67,134)
(378,289,79)
(378,227,799)
(378,157,39)
(378,67,712)
(378,285,352)
(378,157,1870)
(378,289,167)
(378,292,210)
(378,292,24)
(378,67,167)
(378,285,505)
(378,157,3145)
(378,157,109)
(378,289,134)
(378,157,25)
(378,285,210)
(378,289,527)
(378,67,527)
(378,227,192)
(378,67,25)
(378,67,640)
(378,289,767)
(378,157,1074)
(378,157,192)
(378,157,839)
(378,285,640)
(378,157,509)
(378,67,24)
(378,285,238)
(378,157,735)
(378,288,24)
(378,285,25)
(378,67,352)
(378,157,102)
(378,67,210)
(378,292,167)
(378,157,210)
(378,295,167)
(378,157,306)
(378,289,234)
(378,289,109)
(378,289,209)
(378,1244,247)
(378,67,839)
(378,67,16)
(378,300,109)
(378,157,73)
(378,157,16)
(378,157,507)
(378,67,481)
(378,289,352)
(378,288,39)
(378,157,209)
(378,67,234)
(378,157,238)
(378,157,640)
(378,67,73)
(378,292,238)
(378,285,1870)
(378,67,102)
(378,292,234)
(378,300,24)
(378,288,167)
(378,227,73)
(378,289,39)
(378,157,1160)
(378,285,1074)
(378,157,767)
(378,67,238)
(378,157,3146)
(378,288,102)
(378,157,712)
(378,289,481)
(378,157,527)
(378,292,79)
(378,285,102)
(378,1244,192)
(378,157,83)
(378,295,24)
(378,157,505)
(378,67,39)
(378,157,2416)
(378,157,401)
(378,157,481)
(378,289,210)
(378,292,625)
(378,67,109)
(378,285,24)
(378,157,234)
(378,227,247)
(378,292,39)
(378,67,509)
(378,289,24)
(378,1244,73)
(378,300,39)
(378,289,509)
(378,289,73)
(378,288,234)
(378,285,481)
(378,67,209)
(378,285,167)
(378,67,83)
(378,292,209)
(378,285,39)
(378,157,85)
(378,157,247)
(378,292,73)
(378,157,625)
(378,157,79)
(378,67,192)
(378,292,481)
(378,157,24)
(380,285,167)
(380,89,24)
(380,89,39)
(380,89,130)
(380,289,130)
(380,289,24)
(380,157,167)
(380,289,39)
(380,289,209)
(380,67,24)
(380,289,3153)
(380,157,209)
(380,67,130)
(380,67,209)
(380,157,39)
(380,285,209)
(380,285,24)
(380,157,24)
(380,289,364)
(380,285,39)
(380,67,167)
(380,285,130)
(380,67,364)
(380,67,39)
(380,289,167)
(380,289,185)
(383,230,78)
(383,154,78)
(383,65,3160)
(383,289,79)
(383,512,79)
(383,65,2010)
(383,65,79)
(383,154,79)
(383,65,78)
(383,89,79)
(383,292,79)
(387,289,238)
(387,289,39)
(387,289,18)
(387,289,134)
(387,265,352)
(387,289,352)
(387,289,216)
(387,265,49)
(387,265,24)
(387,289,210)
(387,265,231)
(387,289,130)
(387,265,526)
(387,265,130)
(387,289,167)
(387,289,24)
(387,289,49)
(390,89,658)
(392,67,354)
(392,67,39)
(392,67,24)
(392,67,73)
(392,285,24)
(392,285,39)
(392,154,73)
(392,67,231)
(392,285,73)
(396,72,195)
(396,30,17)
(396,173,73)
(396,72,238)
(396,72,73)
(396,173,195)
(396,72,16)
(396,30,18)
(396,707,1)
(396,72,191)
(396,441,14)
(396,441,25)
(396,441,16)
(396,441,61)
(396,72,18)
(396,173,18)
(396,707,25)
(396,72,39)
(396,441,195)
(396,72,17)
(396,173,79)
(396,707,73)
(396,72,184)
(396,72,79)
(396,441,18)
(396,441,33)
(396,72,25)
(396,72,88)
(396,72,13)
(396,72,233)
(396,441,79)
(396,72,61)
(396,72,14)
(396,72,33)
(396,72,1)
(398,227,24)
(398,67,24)
(398,72,24)
(399,292,130)
(399,344,130)
(399,289,24)
(399,285,24)
(399,289,49)
(399,289,346)
(399,306,130)
(399,285,346)
(399,291,49)
(399,67,24)
(399,292,49)
(399,89,49)
(399,306,24)
(399,292,346)
(399,67,130)
(399,257,24)
(399,67,346)
(399,288,49)
(399,67,49)
(399,344,49)
(399,288,24)
(399,89,130)
(399,292,24)
(399,289,130)
(399,292,667)
(399,291,130)
(399,288,130)
(399,344,24)
(399,257,130)
(399,285,130)
(399,89,24)
(399,285,49)
(399,291,24)
(403,289,208)
(403,289,228)
(403,89,74)
(403,89,18)
(403,289,18)
(403,89,483)
(403,289,39)
(403,289,210)
(403,89,216)
(403,289,354)
(403,289,24)
(403,289,109)
(403,89,1735)
(403,289,483)
(403,289,73)
(403,89,228)
(403,89,208)
(403,89,73)
(403,289,130)
(403,289,203)
(403,289,216)
(403,89,24)
(403,89,203)
(403,89,39)
(403,89,130)
(403,89,210)
(403,89,570)
(405,285,508)
(405,289,1447)
(405,285,103)
(405,157,238)
(405,285,39)
(405,67,102)
(405,257,625)
(405,279,130)
(405,292,39)
(405,157,167)
(405,285,2726)
(405,288,508)
(405,67,238)
(405,157,625)
(405,285,1447)
(405,67,167)
(405,257,130)
(405,89,130)
(405,89,24)
(405,292,238)
(405,67,508)
(405,67,130)
(405,289,130)
(405,285,233)
(405,190,13)
(405,157,39)
(405,257,24)
(405,279,39)
(405,292,49)
(405,285,49)
(405,67,640)
(405,289,844)
(405,288,24)
(405,157,85)
(405,285,1492)
(405,292,24)
(405,285,167)
(405,288,167)
(405,289,167)
(405,285,844)
(405,157,73)
(405,285,3255)
(405,292,625)
(405,279,640)
(405,289,508)
(405,285,13)
(405,285,3258)
(405,285,3254)
(405,289,49)
(405,89,39)
(405,285,1268)
(405,289,24)
(405,233,238)
(405,190,238)
(405,292,130)
(405,292,3255)
(405,157,640)
(405,288,49)
(405,285,24)
(405,289,238)
(405,279,625)
(405,292,73)
(405,279,24)
(405,288,39)
(405,67,844)
(405,67,39)
(405,289,73)
(405,285,102)
(405,289,640)
(405,190,508)
(405,285,130)
(405,279,49)
(405,89,508)
(405,279,167)
(405,288,102)
(405,285,85)
(405,288,103)
(405,288,130)
(405,67,24)
(405,285,3256)
(405,285,640)
(405,157,24)
(405,190,73)
(405,279,238)
(405,67,49)
(405,292,167)
(405,257,167)
(405,285,238)
(405,89,238)
(405,289,39)
(405,257,39)
(405,279,73)
(405,67,73)
(405,285,3252)
(405,285,625)
(405,157,102)
(405,279,102)
(405,89,49)
(405,285,73)
(411,475,103)
(411,475,3312)
(411,475,102)
(413,67,3331)
(413,292,209)
(413,67,209)
(413,67,319)
(413,285,209)
(413,289,209)
(413,157,209)
(413,289,358)
(413,67,3332)
(413,67,3330)
(413,67,358)
(413,67,19)
(414,903,130)
(414,89,39)
(414,157,209)
(414,289,130)
(414,289,209)
(414,289,636)
(414,89,130)
(414,289,39)
(415,257,39)
(415,288,39)
(415,67,208)
(415,300,24)
(415,89,18)
(415,289,130)
(415,67,130)
(415,289,238)
(415,285,208)
(415,288,130)
(415,285,130)
(415,285,238)
(415,89,130)
(415,292,39)
(415,89,208)
(415,89,1727)
(415,292,24)
(415,292,1613)
(415,289,208)
(415,89,238)
(415,67,209)
(415,285,209)
(415,292,238)
(415,289,1613)
(415,289,39)
(415,285,39)
(415,292,1727)
(415,257,208)
(415,288,18)
(415,89,24)
(415,300,39)
(415,67,39)
(415,67,18)
(415,291,24)
(415,292,18)
(415,257,130)
(415,257,24)
(415,67,24)
(415,67,238)
(415,291,130)
(415,292,208)
(415,292,209)
(415,292,130)
(415,289,209)
(415,285,24)
(415,288,24)
(415,257,209)
(415,288,208)
(415,289,1727)
(415,289,18)
(415,89,39)
(415,292,1126)
(415,289,24)
(417,89,3369)
(417,89,1886)
(417,89,3359)
(420,67,3388)
(421,67,364)
(421,289,24)
(421,289,2868)
(421,289,2099)
(421,288,632)
(421,289,636)
(421,289,1313)
(421,285,24)
(421,292,364)
(421,288,364)
(421,289,3402)
(421,289,3399)
(421,67,24)
(421,89,364)
(421,89,24)
(421,292,24)
(421,288,24)
(421,157,24)
(421,289,364)
(421,288,3416)
(421,289,370)
(421,289,3038)
(423,187,3442)
(423,72,1048)
(423,187,604)
(423,187,3440)
(423,72,195)
(423,72,3428)
(423,187,1100)
(423,187,3429)
(423,72,3215)
(423,159,25)
(423,187,3426)
(423,72,3427)
(423,187,850)
(423,72,18)
(423,187,3425)
(423,187,3430)
(423,72,25)
(423,187,25)
(423,187,3443)
(425,289,206)
(425,300,3451)
(425,292,508)
(425,89,206)
(425,89,508)
(425,300,3452)
(425,289,508)
(425,300,206)
(425,67,508)
(425,300,3453)
(425,300,508)
(425,67,206)
(425,292,206)
(430,72,3496)
(430,72,2520)
(430,72,447)
(436,227,73)
(436,67,73)
(436,159,73)
(436,72,73)
(439,475,3540)
(439,475,3242)
(439,233,285)
(439,475,3541)
(439,475,3314)
(439,475,1911)
(439,475,2511)
(439,475,2640)
(439,475,92)
(439,475,3552)
(439,475,783)
(439,475,3539)
(439,475,103)
(439,475,283)
(439,475,3542)
(439,475,3554)
(439,475,1722)
(439,475,3547)
(439,475,3559)
(439,475,3558)
(439,475,285)
(439,475,3557)
(439,475,3551)
(439,475,3549)
(439,475,527)
(439,475,3537)
(439,475,228)
(439,475,1423)
(439,475,370)
(439,233,370)
(439,475,3560)
(439,475,3550)
(439,475,3545)
(439,475,1366)
(439,475,3538)
(439,475,3536)
(440,154,33)
(446,72,74)
(446,72,514)
(446,72,16)
(446,72,25)
(446,72,3587)
(454,72,79)
(454,72,187)
(454,159,79)
(454,233,79)
(454,233,187)
(454,190,79)
(458,89,127)
(458,187,127)
(458,227,78)
(459,707,72)
(459,707,386)
(460,418,2204)
(460,418,955)
(460,418,3708)
(460,72,955)
(465,190,1136)
(470,291,216)
(470,292,234)
(470,292,730)
(470,288,199)
(470,292,130)
(470,292,208)
(470,289,357)
(470,289,352)
(470,89,208)
(470,67,640)
(470,288,208)
(470,233,234)
(470,67,208)
(470,292,481)
(470,289,234)
(470,89,730)
(470,288,24)
(470,292,1613)
(470,67,209)
(470,157,234)
(470,89,508)
(470,67,1911)
(470,289,238)
(470,89,206)
(470,157,39)
(470,67,238)
(470,89,203)
(470,291,130)
(470,289,39)
(470,289,285)
(470,223,73)
(470,292,216)
(470,89,234)
(470,292,209)
(470,157,209)
(470,67,18)
(470,292,18)
(470,289,206)
(470,289,2887)
(470,157,210)
(470,292,508)
(470,288,285)
(470,289,349)
(470,295,167)
(470,289,1613)
(470,289,508)
(470,89,1613)
(470,157,509)
(470,289,210)
(470,289,109)
(470,89,238)
(470,292,210)
(470,67,167)
(470,292,206)
(470,67,215)
(470,67,109)
(470,67,73)
(470,300,109)
(470,288,130)
(470,288,508)
(470,67,203)
(470,89,130)
(470,292,73)
(470,300,39)
(470,289,24)
(470,157,25)
(470,89,18)
(470,233,213)
(470,89,39)
(470,300,130)
(470,157,109)
(470,67,483)
(470,289,3775)
(470,289,481)
(470,292,39)
(470,289,844)
(470,291,24)
(470,67,39)
(470,157,73)
(470,289,640)
(470,292,213)
(470,157,481)
(470,67,285)
(470,292,238)
(470,295,24)
(470,292,24)
(470,67,130)
(470,289,199)
(470,67,216)
(470,89,200)
(470,288,234)
(470,157,352)
(470,89,213)
(470,288,213)
(470,67,509)
(470,291,73)
(470,295,208)
(470,67,508)
(470,89,199)
(470,67,481)
(470,288,18)
(470,300,508)
(470,289,216)
(470,291,109)
(470,289,203)
(470,67,1613)
(470,300,24)
(470,67,213)
(470,157,24)
(470,157,167)
(470,289,2349)
(470,89,24)
(470,288,167)
(470,67,352)
(470,288,39)
(470,191,234)
(470,67,25)
(470,233,238)
(470,289,130)
(470,157,640)
(470,289,73)
(470,289,509)
(470,289,483)
(470,67,210)
(470,289,200)
(470,191,213)
(470,67,206)
(470,67,527)
(470,67,199)
(470,89,209)
(470,157,238)
(470,289,208)
(470,67,357)
(470,289,730)
(470,67,200)
(470,67,24)
(470,289,527)
(470,233,285)
(470,300,730)
(470,89,215)
(470,289,209)
(470,289,18)
(470,67,844)
(470,292,200)
(470,300,206)
(470,289,215)
(470,292,167)
(470,67,234)
(470,157,527)
(470,289,167)
(470,289,213)
(470,89,167)
(470,300,234)
(472,89,130)
(472,292,130)
(472,289,130)
(472,257,130)
(472,288,130)
(472,316,130)
(474,72,209)
(474,173,18)
(474,72,3790)
(474,89,18)
(474,72,18)
(474,72,835)
(476,190,78)
(476,72,195)
(476,72,73)
(476,190,195)
(476,190,73)
(477,89,639)
(477,292,639)
(477,67,639)
(477,67,24)
(477,289,24)
(477,289,639)
(477,89,24)
(477,292,24)
(479,292,3796)
(479,190,213)
(479,289,213)
(479,292,3795)
(479,292,213)
(479,288,213)
(479,67,213)
(480,72,79)
(480,59,18)
(480,159,16)
(480,72,16)
(480,59,16)
(480,59,79)
(480,72,18)
(480,72,74)
(480,159,79)
(480,72,17)
(481,288,208)
(481,292,208)
(481,257,208)
(481,289,208)
(481,285,208)
(481,89,208)
(481,295,208)
(481,67,208)
(486,190,526)
(486,157,209)
(486,292,209)
(486,89,526)
(486,157,1588)
(486,157,2691)
(486,289,209)
(486,157,401)
(486,67,209)
(486,157,526)
(486,157,2411)
(486,89,209)
(486,157,3821)
(486,285,209)
(486,257,209)
(490,67,18)
(490,88,18)
(490,292,18)
(490,89,3846)
(490,288,18)
(490,89,18)
(490,154,18)
(490,300,18)
(490,289,18)
(490,70,18)
(493,67,18)
(493,72,16)
(493,72,18)
(493,173,18)
(493,67,16)
(494,288,39)
(494,67,234)
(494,288,234)
(494,289,39)
(494,289,285)
(494,289,24)
(494,67,39)
(494,285,39)
(494,89,39)
(494,289,1212)
(494,89,285)
(494,289,234)
(494,288,130)
(494,285,24)
(494,289,228)
(494,89,130)
(494,288,24)
(494,67,285)
(494,288,285)
(494,378,234)
(494,190,285)
(494,89,234)
(494,289,130)
(494,285,130)
(494,67,130)
(494,190,234)
(494,344,24)
(494,67,24)
(494,89,228)
(494,344,130)
(494,344,228)
(494,344,234)
(494,344,285)
(494,89,24)
(497,292,130)
(497,289,130)
(497,89,130)
(497,344,24)
(497,67,24)
(497,344,130)
(497,288,24)
(497,333,24)
(497,292,24)
(497,288,130)
(497,88,24)
(497,289,636)
(497,89,24)
(497,289,24)
(497,67,130)
(499,511,25)
(499,59,18)
(499,59,16)
(499,72,3883)
(499,153,18)
(499,67,16)
(499,285,25)
(499,67,18)
(499,157,25)
(499,173,18)
(499,157,16)
(499,233,18)
(499,30,18)
(499,59,25)
(499,72,18)
(499,72,3896)
(499,289,18)
(499,288,18)
(499,67,25)
(499,72,3882)
(499,292,18)
(499,72,25)
(499,72,3893)
(499,72,16)
(501,289,209)
(501,89,209)
(501,257,209)
(501,67,209)
(503,257,39)
(503,67,639)
(503,67,39)
(503,289,24)
(503,89,39)
(503,289,3919)
(503,257,24)
(503,289,209)
(503,289,1311)
(503,289,2934)
(503,295,639)
(503,67,209)
(503,155,209)
(503,89,24)
(503,295,24)
(503,289,358)
(503,291,24)
(503,67,24)
(503,265,24)
(503,289,3917)
(503,289,3907)
(503,289,39)
(503,289,639)
(503,257,209)
(503,289,3918)
(503,89,209)
(503,89,639)
(503,67,358)
(504,289,229)
(504,289,1753)
(504,67,354)
(504,289,3921)
(504,292,229)
(504,233,229)
(504,289,3920)
(504,289,354)
(507,233,134)
(511,173,78)
(514,292,209)
(514,292,1212)
(514,289,209)
(514,292,134)
(514,67,209)
(520,72,238)
(520,30,18)
(520,72,841)
(520,72,514)
(520,72,127)
(520,72,4013)
(520,72,73)
(520,72,4010)
(520,72,2104)
(520,72,4019)
(520,72,4011)
(520,72,799)
(520,72,4012)
(520,72,39)
(520,72,17)
(520,173,18)
(520,30,17)
(520,72,16)
(520,72,4018)
(520,72,25)
(520,173,1495)
(520,233,238)
(520,72,4009)
(520,72,508)
(520,72,18)
(520,72,1495)
(520,173,73)
(520,233,799)
(520,72,74)
(529,227,73)
(529,227,108)
(529,227,192)
(532,225,73)
(532,412,73)
(532,687,73)
(532,333,73)
(532,412,79)
(532,687,182)
(532,292,79)
(532,207,73)
(532,289,182)
(532,412,182)
(532,226,79)
(532,289,79)
(532,209,73)
(532,207,79)
(532,225,79)
(532,333,169)
(532,292,73)
(532,687,169)
(532,687,79)
(532,412,169)
(532,209,79)
(532,333,79)
(532,226,73)
(532,289,73)
(532,209,182)
(536,289,4077)
(539,72,17)
(539,72,84)
(539,173,79)
(539,72,296)
(539,72,79)
(539,72,514)
(539,72,74)
(539,72,199)
(539,173,73)
(539,72,18)
(539,173,18)
(539,72,73)
(539,72,4094)
(539,173,84)
(542,289,24)
(542,289,4110)
(542,289,2014)
(542,289,4109)
(542,289,130)
(542,289,4111)
(542,289,39)
(545,289,182)
(545,209,182)
(545,285,216)
(545,67,216)
(545,209,181)
(545,209,176)
(545,279,216)
(545,412,182)
(545,289,216)
(545,209,178)
(545,209,216)
(545,292,216)
(548,515,190)
(549,163,735)
(549,163,787)
(549,163,247)
(549,163,4149)
(549,227,73)
(549,599,352)
(549,163,25)
(549,163,4153)
(549,163,4155)
(549,163,4150)
(549,163,4151)
(549,163,352)
(549,163,4152)
(549,163,387)
(549,163,192)
(549,163,4147)
(549,227,247)
(549,163,830)
(549,227,192)
(549,163,73)
(549,163,4156)
(549,163,4154)
(549,227,352)
(549,163,4148)
(551,188,387)
(553,157,508)
(553,289,508)
(553,288,508)
(553,89,508)
(553,285,508)
(553,257,508)
(553,292,508)
(553,300,508)
(553,67,508)
(556,154,213)
(556,154,79)
(556,154,81)
(558,289,73)
(558,289,206)
(558,67,18)
(558,67,105)
(558,289,134)
(558,227,184)
(558,289,357)
(558,67,1136)
(558,67,199)
(558,67,2981)
(558,289,208)
(558,289,238)
(558,67,206)
(558,67,4217)
(558,67,754)
(558,67,639)
(558,67,508)
(558,157,73)
(558,67,4221)
(558,67,102)
(558,157,83)
(558,67,134)
(558,289,508)
(558,67,238)
(558,67,73)
(558,227,73)
(558,67,167)
(558,157,102)
(558,67,4222)
(558,157,234)
(558,157,238)
(558,67,39)
(558,67,4216)
(558,67,1)
(558,67,4223)
(558,67,357)
(558,67,689)
(558,67,170)
(558,67,4218)
(558,289,754)
(558,67,4220)
(558,67,184)
(558,157,39)
(558,67,642)
(558,67,208)
(558,67,234)
(558,67,292)
(558,157,134)
(558,289,167)
(558,289,199)
(558,289,215)
(558,67,824)
(558,289,642)
(558,289,39)
(558,67,215)
(558,192,134)
(558,67,4219)
(558,289,18)
(558,289,639)
(558,67,830)
(558,289,234)
(558,157,167)
(558,289,184)
(558,67,83)
(559,227,306)
(559,227,195)
(559,227,352)
(559,163,352)
(565,72,4281)
(571,257,39)
(571,209,127)
(571,289,797)
(571,257,208)
(571,289,209)
(571,67,208)
(571,288,39)
(571,289,230)
(571,67,39)
(571,285,209)
(571,292,209)
(571,289,39)
(571,67,209)
(571,285,208)
(571,292,39)
(571,154,127)
(571,288,18)
(571,292,797)
(571,289,1727)
(571,289,4300)
(571,285,39)
(571,288,127)
(571,157,39)
(571,289,4303)
(571,292,208)
(571,289,127)
(571,157,209)
(571,67,18)
(571,289,18)
(571,288,208)
(571,289,208)
(571,257,209)
(577,72,16)
(577,72,74)
(578,344,1445)
(578,344,193)
(578,344,232)
(578,344,49)
(578,344,24)
(578,344,4315)
(578,344,234)
(578,344,824)
(578,344,508)
(578,344,839)
(578,344,4311)
(578,344,364)
(578,344,683)
(578,344,206)
(578,344,287)
(578,344,228)
(578,344,1634)
(578,344,850)
(578,344,130)
(578,344,185)
(580,233,79)
(580,72,79)
(581,89,49)
(581,67,352)
(581,289,130)
(581,67,130)
(581,279,352)
(581,279,49)
(581,289,370)
(581,285,508)
(581,67,49)
(581,285,130)
(581,67,642)
(581,89,231)
(581,67,2806)
(581,279,526)
(581,67,364)
(581,285,346)
(581,289,352)
(581,289,508)
(581,289,24)
(581,285,24)
(581,285,352)
(581,289,364)
(581,89,24)
(581,157,352)
(581,289,49)
(581,67,508)
(581,289,4081)
(581,289,346)
(581,279,231)
(581,89,130)
(581,157,24)
(581,67,24)
(581,279,24)
(581,67,346)
(581,289,698)
(581,279,130)
(589,67,208)
(589,288,208)
(589,292,208)
(589,289,651)
(589,257,208)
(589,289,208)
(589,300,208)
(589,89,208)
(589,289,4369)
(592,289,209)
(592,72,209)
(592,285,209)
(592,292,209)
(593,344,193)
(593,344,791)
(595,917,615)
(595,917,89)
(595,917,386)
(595,917,1)
(596,72,2308)
(596,72,494)
(596,72,4393)
(596,72,4391)
(596,72,9)
(596,72,14)
(596,159,127)
(596,72,514)
(596,159,25)
(596,72,389)
(596,72,195)
(596,159,81)
(596,72,203)
(596,72,18)
(596,72,79)
(596,72,121)
(596,72,74)
(596,72,25)
(596,72,127)
(596,72,3)
(596,72,309)
(596,72,39)
(596,159,275)
(596,72,275)
(596,72,17)
(596,72,4392)
(596,72,395)
(596,72,19)
(596,72,792)
(596,72,179)
(596,72,33)
(596,72,16)
(604,285,24)
(604,89,208)
(604,67,4411)
(604,285,352)
(604,67,208)
(604,67,352)
(604,67,1911)
(604,67,159)
(604,67,24)
(604,67,25)
(604,67,3605)
(604,285,130)
(604,285,208)
(604,89,130)
(604,67,192)
(604,89,24)
(604,67,130)
(608,735,192)
(608,227,735)
(608,227,73)
(608,1244,247)
(608,212,247)
(608,1244,192)
(608,227,192)
(608,227,247)
(608,212,192)
(608,1244,73)
(612,289,200)
(612,288,311)
(612,89,232)
(612,288,4452)
(612,288,200)
(612,89,719)
(612,289,232)
(612,67,200)
(612,292,200)
(612,89,200)
(612,300,232)
(612,288,232)
(612,250,311)
(612,288,719)
(612,285,200)
(612,233,232)
(614,486,73)
(616,707,72)
(616,707,386)
(616,707,91)
(633,498,79)
(633,498,73)
(636,157,4560)
(636,227,799)
(636,157,799)
(636,157,1588)
(636,265,4344)
(636,233,799)
(636,157,4561)
(636,157,4559)
(636,157,4562)
(636,265,4567)
(636,190,799)
(638,285,209)
(638,288,285)
(638,293,24)
(638,292,49)
(638,289,39)
(638,292,234)
(638,279,39)
(638,292,39)
(638,289,24)
(638,289,2099)
(638,288,39)
(638,157,24)
(638,279,18)
(638,191,234)
(638,257,39)
(638,285,24)
(638,285,39)
(638,190,285)
(638,289,1311)
(638,288,18)
(638,289,713)
(638,89,24)
(638,190,18)
(638,257,209)
(638,89,18)
(638,89,49)
(638,190,234)
(638,288,234)
(638,288,49)
(638,289,421)
(638,289,4586)
(638,289,285)
(638,289,3955)
(638,292,209)
(638,292,18)
(638,289,18)
(638,289,1237)
(638,285,49)
(638,279,49)
(638,257,24)
(638,157,209)
(638,157,39)
(638,289,4587)
(638,293,39)
(638,89,39)
(638,289,209)
(638,279,24)
(638,289,49)
(638,157,234)
(638,288,24)
(638,292,24)
(638,289,234)
(643,51,395)
(643,51,16)
(645,903,4613)
(645,316,130)
(645,903,625)
(645,903,134)
(645,903,83)
(645,903,130)
(645,316,134)
(646,288,730)
(646,288,228)
(646,265,508)
(646,89,18)
(646,344,508)
(646,89,228)
(646,227,24)
(646,191,228)
(646,67,354)
(646,344,228)
(646,89,167)
(646,289,232)
(646,257,24)
(646,321,24)
(646,288,508)
(646,292,730)
(646,291,24)
(646,190,18)
(646,190,508)
(646,288,24)
(646,279,640)
(646,292,206)
(646,292,24)
(646,344,206)
(646,289,206)
(646,289,228)
(646,288,304)
(646,67,18)
(646,292,167)
(646,157,24)
(646,300,508)
(646,89,206)
(646,67,167)
(646,89,24)
(646,157,640)
(646,279,167)
(646,67,206)
(646,461,18)
(646,157,167)
(646,300,18)
(646,289,730)
(646,292,18)
(646,288,4621)
(646,344,232)
(646,191,232)
(646,300,989)
(646,300,730)
(646,257,167)
(646,292,508)
(646,333,354)
(646,461,24)
(646,333,304)
(646,289,354)
(646,173,18)
(646,89,508)
(646,257,508)
(646,289,167)
(646,157,508)
(646,288,989)
(646,173,24)
(646,288,354)
(646,279,24)
(646,289,18)
(646,292,228)
(646,344,24)
(646,288,4283)
(646,300,206)
(646,157,206)
(646,288,18)
(646,300,4620)
(646,89,730)
(646,298,24)
(646,300,4283)
(646,300,24)
(646,300,228)
(646,265,24)
(646,289,640)
(646,67,24)
(646,227,206)
(646,288,206)
(646,461,228)
(646,67,508)
(646,67,640)
(646,289,508)
(646,288,640)
(646,300,354)
(646,300,232)
(646,333,24)
(646,288,167)
(646,289,24)
(646,89,232)
(646,288,232)
(646,279,18)
(647,154,2469)
(649,503,1899)
(649,503,5)
(649,503,1)
(649,503,4667)
(649,503,601)
(649,503,739)
(649,198,1)
(649,503,385)
(649,503,2)
(649,198,2)
(651,67,24)
(651,67,130)
(651,67,39)
(651,292,24)
(651,292,39)
(651,292,639)
(651,67,346)
(651,265,352)
(651,265,346)
(651,67,639)
(651,265,130)
(651,265,24)
(651,292,346)
(651,292,130)
(651,67,203)
(651,67,352)
(654,227,387)
(658,72,74)
(658,207,16)
(658,72,16)
(659,292,24)
(659,289,39)
(659,89,24)
(659,67,24)
(659,89,39)
(659,157,39)
(659,289,24)
(659,89,130)
(659,67,4722)
(659,289,130)
(659,157,24)
(659,292,4721)
(659,285,39)
(659,289,1319)
(659,292,4723)
(659,289,4729)
(659,285,130)
(659,292,1319)
(659,67,39)
(659,67,130)
(659,285,24)
(659,292,39)
(659,292,130)
(665,72,4787)
(665,72,4790)
(667,289,636)
(668,163,192)
(668,705,73)
(668,705,432)
(668,705,192)
(668,163,73)
(671,289,24)
(671,289,130)
(671,289,134)
(671,344,134)
(671,288,24)
(671,300,130)
(671,292,130)
(671,300,24)
(671,333,24)
(671,67,130)
(671,292,167)
(671,292,24)
(671,67,167)
(671,289,1447)
(671,67,24)
(671,288,167)
(671,89,167)
(671,67,134)
(671,89,134)
(671,344,130)
(671,89,130)
(671,89,24)
(671,292,134)
(671,295,167)
(671,295,24)
(671,289,167)
(671,288,130)
(671,344,24)
(674,89,39)
(674,67,39)
(674,292,130)
(674,289,24)
(674,292,39)
(674,288,39)
(674,295,24)
(674,89,130)
(674,292,24)
(674,288,24)
(674,289,39)
(674,300,39)
(674,300,24)
(674,300,130)
(674,67,130)
(674,67,24)
(674,89,24)
(674,288,130)
(674,289,130)
(674,89,658)
(675,289,130)
(675,288,130)
(675,306,130)
(675,67,130)
(675,300,130)
(675,289,1447)
(675,67,2398)
(675,292,130)
(675,344,130)
(675,289,2398)
(675,89,130)
(679,289,209)
(679,289,24)
(679,300,24)
(679,89,24)
(679,89,209)
(683,72,799)
(683,72,395)
(684,157,209)
(684,157,24)
(684,289,2934)
(684,300,24)
(684,289,24)
(684,89,24)
(684,67,209)
(684,292,209)
(684,333,24)
(684,292,24)
(684,67,24)
(684,289,209)
(684,288,24)
(686,72,127)
(686,72,18)
(686,72,195)
(689,89,658)
(690,289,185)
(690,157,39)
(690,67,25)
(690,292,238)
(690,300,24)
(690,292,128)
(690,89,130)
(690,89,231)
(690,285,130)
(690,285,238)
(690,292,39)
(690,289,238)
(690,67,39)
(690,67,231)
(690,285,25)
(690,291,130)
(690,157,24)
(690,292,18)
(690,67,689)
(690,288,128)
(690,67,1237)
(690,300,130)
(690,291,184)
(690,67,4903)
(690,288,18)
(690,67,4904)
(690,157,352)
(690,289,130)
(690,67,185)
(690,67,130)
(690,67,24)
(690,289,352)
(690,288,24)
(690,227,184)
(690,292,231)
(690,289,24)
(690,157,25)
(690,288,39)
(690,67,18)
(690,288,231)
(690,67,128)
(690,227,128)
(690,89,18)
(690,289,1237)
(690,285,24)
(690,292,130)
(690,289,39)
(690,89,238)
(690,291,24)
(690,227,352)
(690,285,352)
(690,89,128)
(690,292,24)
(690,285,39)
(690,157,238)
(690,289,18)
(690,89,39)
(690,67,184)
(690,289,184)
(690,300,39)
(690,67,352)
(690,89,24)
(690,67,238)
(690,288,130)
(691,191,79)
(691,51,18)
(691,288,18)
(691,89,4909)
(691,289,79)
(691,288,199)
(691,51,79)
(691,89,199)
(691,89,18)
(691,289,199)
(691,67,199)
(691,292,18)
(691,89,74)
(691,289,18)
(691,279,18)
(691,65,79)
(691,292,79)
(691,157,79)
(691,51,74)
(691,67,18)
(691,223,79)
(691,233,79)
(691,190,74)
(691,228,79)
(691,89,79)
(691,209,79)
(691,190,18)
(691,190,79)
(692,227,184)
(692,227,128)
(692,227,352)
(692,157,247)
(692,227,1097)
(692,157,73)
(692,227,191)
(692,157,192)
(692,227,4934)
(692,227,695)
(692,227,2606)
(692,227,1593)
(692,227,850)
(692,227,4927)
(692,227,1955)
(692,227,192)
(692,227,628)
(692,227,3779)
(692,157,24)
(692,157,352)
(692,227,73)
(692,227,4141)
(692,227,4926)
(692,227,4929)
(692,227,4920)
(692,227,700)
(692,227,4523)
(692,227,4933)
(692,227,4921)
(692,227,247)
(692,227,724)
(694,72,4938)
(699,72,4955)
(699,67,18)
(699,72,352)
(699,67,352)
(699,159,79)
(699,72,25)
(699,72,18)
(699,72,79)
(699,159,25)
(699,67,25)
(701,289,658)
(701,289,4969)
(701,289,4966)
(701,289,4967)
(701,289,4970)
(701,289,4965)
(701,289,3323)
(701,289,4968)
(701,89,658)
(703,289,4978)
(703,289,229)
(703,89,229)
(703,89,4977)
(703,292,229)
(703,289,4979)
(704,475,4990)
(704,475,2636)
(704,475,4987)
(704,475,4988)
(704,475,352)
(704,475,216)
(704,292,1368)
(704,475,4982)
(704,475,1392)
(704,475,4986)
(704,475,103)
(704,475,4981)
(704,292,238)
(704,475,102)
(704,292,216)
(704,475,238)
(704,475,1368)
(704,475,4991)
(704,475,304)
(704,475,4989)
(704,475,4980)
(704,475,3312)
(704,475,4984)
(706,234,170)
(709,707,72)
(713,289,358)
(713,67,358)
(714,159,25)
(714,72,25)
(714,51,16)
(714,72,395)
(714,67,25)
(714,72,16)
(714,67,16)
(714,1084,16)
(714,98,395)
(714,51,25)
(714,98,16)
(714,51,395)
(714,159,16)
(715,917,2276)
(715,917,415)
(717,289,238)
(717,292,238)
(717,288,24)
(717,289,362)
(717,292,24)
(717,89,24)
(717,475,238)
(717,289,24)
(720,707,73)
(723,292,664)
(736,475,127)
(736,475,71)
(743,257,39)
(743,289,39)
(743,67,167)
(743,72,39)
(743,67,39)
(743,292,167)
(743,289,167)
(743,257,167)
(743,292,39)
(744,498,73)
(749,89,639)
(749,292,639)
(749,289,639)
(749,289,24)
(749,89,24)
(749,67,24)
(749,288,24)
(749,293,24)
(749,67,639)
(749,291,24)
(749,292,24)
(749,257,24)
(749,157,24)
(749,285,639)
(749,344,24)
(749,285,24)
(751,157,73)
(751,285,24)
(751,89,73)
(751,67,109)
(751,289,73)
(751,67,73)
(751,67,24)
(751,157,24)
(751,288,24)
(751,230,73)
(751,209,73)
(751,292,73)
(751,333,24)
(751,89,24)
(751,289,109)
(751,157,109)
(751,288,109)
(751,333,73)
(751,344,24)
(751,333,109)
(751,292,24)
(751,285,73)
(751,289,24)
(757,288,2700)
(757,289,209)
(757,288,24)
(757,289,2700)
(757,67,209)
(757,289,24)
(757,67,24)
(759,190,285)
(759,72,287)
(759,289,2349)
(759,190,839)
(759,227,799)
(759,72,285)
(759,289,228)
(759,72,229)
(759,289,797)
(759,288,285)
(759,157,799)
(759,190,13)
(759,227,229)
(759,233,285)
(759,233,232)
(759,190,213)
(759,89,839)
(759,72,13)
(759,289,229)
(759,233,799)
(759,289,839)
(759,190,229)
(759,289,285)
(759,89,213)
(759,72,799)
(759,306,662)
(759,190,799)
(759,233,839)
(759,233,797)
(759,72,662)
(759,289,730)
(759,89,730)
(759,233,824)
(759,288,662)
(759,157,839)
(759,288,213)
(759,227,662)
(759,72,513)
(759,418,213)
(759,89,232)
(759,89,285)
(759,289,232)
(759,190,824)
(759,89,229)
(759,233,213)
(759,233,229)
(759,289,662)
(759,72,801)
(759,72,213)
(759,72,2520)
(759,289,213)
(759,289,287)
(759,89,228)
(759,233,801)
(761,289,187)
(761,51,16)
(761,67,238)
(761,72,395)
(761,67,210)
(761,291,73)
(761,182,73)
(761,159,73)
(761,288,18)
(761,289,2887)
(761,89,73)
(761,159,16)
(761,159,79)
(761,289,79)
(761,190,18)
(761,51,2712)
(761,65,79)
(761,173,78)
(761,67,16)
(761,289,1447)
(761,154,18)
(761,51,5318)
(761,72,210)
(761,159,25)
(761,51,1446)
(761,289,73)
(761,289,238)
(761,51,78)
(761,190,238)
(761,51,1447)
(761,72,4897)
(761,89,210)
(761,173,79)
(761,51,187)
(761,72,16)
(761,72,187)
(761,67,25)
(761,72,39)
(761,51,395)
(761,51,238)
(761,67,18)
(761,89,18)
(761,51,25)
(761,190,210)
(761,207,73)
(761,190,73)
(761,65,78)
(761,67,200)
(761,51,105)
(761,159,78)
(761,207,16)
(761,367,39)
(761,72,238)
(761,51,1735)
(761,51,200)
(761,89,1735)
(761,89,200)
(761,207,79)
(761,207,210)
(761,89,74)
(761,51,73)
(761,51,2887)
(761,72,73)
(761,51,5316)
(761,72,79)
(761,51,79)
(761,51,210)
(761,67,73)
(761,154,79)
(761,51,74)
(761,67,39)
(761,72,25)
(761,51,5322)
(761,289,39)
(761,67,105)
(761,154,187)
(761,89,238)
(761,289,18)
(761,182,79)
(761,288,39)
(761,72,1447)
(761,51,26)
(761,190,74)
(761,98,395)
(761,51,39)
(761,89,39)
(761,72,18)
(761,190,78)
(761,72,74)
(761,67,187)
(761,154,78)
(761,89,79)
(761,289,210)
(761,51,5320)
(761,51,4897)
(761,207,78)
(761,51,2006)
(761,173,18)
(761,154,73)
(761,207,39)
(761,289,200)
(761,51,27)
(761,65,73)
(761,51,18)
(761,190,79)
(761,173,73)
(762,173,18)
(762,72,16)
(762,30,18)
(762,72,25)
(762,72,18)
(762,30,17)
(762,72,17)
(767,72,17)
(767,72,18)
(767,72,25)
(768,292,49)
(768,300,508)
(768,344,683)
(768,344,508)
(768,300,49)
(768,461,49)
(768,289,49)
(768,344,791)
(768,344,49)
(768,289,508)
(768,292,508)
(772,724,386)
(772,917,386)
(772,220,386)
(772,841,386)
(772,917,1)
(772,918,386)
(772,917,415)
(772,918,1)
(772,724,72)
(778,257,767)
(778,257,5425)
(778,257,209)
(778,257,5426)
(778,257,781)
(778,257,936)
(778,289,209)
(778,67,706)
(778,285,209)
(778,257,5427)
(778,67,209)
(779,72,18)
(779,89,18)
(779,67,25)
(779,285,25)
(779,72,25)
(779,289,18)
(779,67,18)
(779,67,16)
(779,72,16)
(780,229,24)
(780,89,18)
(780,227,24)
(780,289,187)
(780,72,39)
(780,75,18)
(780,289,39)
(780,89,130)
(780,89,187)
(780,89,39)
(780,59,18)
(780,154,187)
(780,154,21)
(780,72,187)
(780,154,18)
(780,173,24)
(780,89,24)
(780,289,130)
(780,289,24)
(780,173,18)
(780,72,18)
(780,72,24)
(780,289,18)
(781,289,167)
(781,288,167)
(781,67,167)
(781,292,167)
(785,89,209)
(785,89,774)
(788,51,16)
(788,159,16)
(788,51,25)
(788,67,16)
(788,72,16)
(788,67,25)
(788,72,25)
(788,159,25)
(790,289,5486)
(790,289,5487)
(790,289,5491)
(794,227,5508)
(797,289,508)
(797,67,134)
(797,289,185)
(797,289,130)
(797,89,130)
(797,257,130)
(797,67,130)
(797,289,134)
(797,67,508)
(798,503,385)
(798,503,5)
(798,188,5)
(798,503,601)
(800,707,5534)
(809,89,208)
(809,289,208)
(809,89,5620)
(809,89,793)
(809,289,203)
(809,89,203)
(809,89,238)
(809,288,208)
(809,233,238)
(809,289,347)
(809,292,238)
(809,289,238)
(809,89,5627)
(809,233,793)
(809,89,5626)
(809,292,208)
(809,89,347)
(814,292,24)
(814,289,405)
(814,89,24)
(814,288,24)
(814,289,24)
(815,289,234)
(815,292,167)
(815,288,364)
(815,306,24)
(815,289,24)
(815,285,508)
(815,475,24)
(815,289,364)
(815,67,167)
(815,288,234)
(815,292,24)
(815,67,508)
(815,291,24)
(815,285,167)
(815,288,167)
(815,289,2700)
(815,285,24)
(815,67,208)
(815,89,208)
(815,288,208)
(815,288,5652)
(815,288,128)
(815,288,508)
(815,67,364)
(815,289,831)
(815,292,231)
(815,190,508)
(815,89,24)
(815,288,2700)
(815,292,364)
(815,292,234)
(815,288,231)
(815,289,167)
(815,288,632)
(815,289,208)
(815,285,208)
(815,89,231)
(815,190,231)
(815,292,208)
(815,67,234)
(815,67,24)
(815,288,24)
(815,288,831)
(815,190,234)
(815,289,508)
(815,306,231)
(816,89,5656)
(816,289,658)
(816,89,4964)
(816,89,5173)
(816,89,5659)
(816,157,839)
(816,89,5658)
(816,89,5664)
(816,89,839)
(816,89,5653)
(816,89,5620)
(816,89,658)
(816,89,5655)
(816,182,839)
(816,233,839)
(816,89,5654)
(816,67,839)
(816,89,5660)
(816,344,839)
(816,190,839)
(816,289,839)
(816,89,5657)
(819,289,636)
(819,289,24)
(819,285,346)
(819,67,346)
(819,89,24)
(819,285,24)
(819,289,346)
(819,67,24)
(836,257,5762)
(836,289,850)
(836,257,5759)
(836,157,209)
(836,292,2707)
(836,288,850)
(836,257,209)
(836,257,5758)
(836,289,209)
(836,292,209)
(836,67,209)
(836,257,1209)
(836,285,209)
(836,257,850)
(836,257,2707)
(836,300,850)
(836,72,209)
(836,257,5757)
(837,744,33)
(837,102,33)
(837,603,33)
(839,493,78)
(839,190,78)
(839,190,73)
(845,918,386)
(845,917,415)
(845,918,91)
(845,917,386)
(846,234,3717)
(846,234,170)
(849,173,389)
(849,173,195)
(852,292,5855)
(858,67,24)
(858,157,24)
(858,157,85)
(858,289,24)
(858,285,85)
(858,333,24)
(858,157,39)
(858,285,39)
(858,285,625)
(858,285,24)
(858,289,39)
(858,157,402)
(858,157,625)
(858,67,39)
(859,190,352)
(859,72,79)
(859,191,79)
(859,72,18)
(859,72,39)
(859,67,25)
(859,233,238)
(859,67,18)
(859,190,74)
(859,707,352)
(859,72,185)
(859,59,18)
(859,30,18)
(859,67,238)
(859,227,352)
(859,72,25)
(859,190,185)
(859,173,195)
(859,89,238)
(859,72,238)
(859,285,352)
(859,72,13)
(859,65,195)
(859,288,39)
(859,67,352)
(859,190,195)
(859,89,793)
(859,89,79)
(859,190,793)
(859,285,25)
(859,289,39)
(859,59,25)
(859,72,2808)
(859,89,18)
(859,65,79)
(859,285,13)
(859,289,238)
(859,289,79)
(859,173,79)
(859,65,185)
(859,257,238)
(859,72,352)
(859,227,185)
(859,72,74)
(859,72,201)
(859,203,195)
(859,72,514)
(859,72,5874)
(859,190,18)
(859,257,352)
(859,289,18)
(859,227,195)
(859,72,14)
(859,285,238)
(859,89,201)
(859,72,1492)
(859,190,79)
(859,72,4589)
(859,190,13)
(859,223,79)
(859,300,39)
(859,89,39)
(859,59,79)
(859,707,25)
(859,72,195)
(859,190,238)
(859,285,1492)
(859,707,185)
(859,72,793)
(859,233,79)
(859,67,185)
(859,289,352)
(859,257,39)
(859,233,61)
(859,289,185)
(859,88,18)
(859,72,61)
(859,89,74)
(859,233,793)
(859,67,39)
(859,64,13)
(859,203,79)
(859,173,18)
(859,285,39)
(859,288,18)
(864,190,508)
(864,300,508)
(864,292,508)
(864,289,508)
(864,67,508)
(864,65,508)
(864,89,508)
(864,288,508)
(873,265,24)
(873,157,209)
(873,89,24)
(873,67,209)
(873,285,209)
(873,289,24)
(873,157,24)
(873,288,24)
(873,67,24)
(873,285,24)
(873,289,209)
(875,292,665)
(882,288,167)
(882,306,24)
(882,288,24)
(882,306,39)
(882,288,39)
(882,288,5972)
(882,89,39)
(882,288,1186)
(882,89,24)
(882,288,1455)
(884,289,639)
(884,289,167)
(884,333,24)
(884,292,639)
(884,67,639)
(884,89,167)
(884,295,208)
(884,292,208)
(884,300,24)
(884,89,639)
(884,295,24)
(884,295,167)
(884,89,208)
(884,257,167)
(884,291,24)
(884,67,24)
(884,289,208)
(884,89,24)
(884,257,208)
(884,67,167)
(884,288,167)
(884,265,24)
(884,292,24)
(884,288,208)
(884,67,208)
(884,292,167)
(884,288,24)
(884,293,24)
(884,227,24)
(884,257,24)
(884,289,24)
(884,295,639)
(887,152,387)
(887,188,1889)
(887,188,5997)
(887,188,387)
(887,188,5)
(887,163,387)
(897,227,387)
(898,67,346)
(898,89,24)
(898,67,213)
(898,67,216)
(898,285,216)
(898,67,6050)
(898,67,6037)
(898,67,640)
(898,67,6036)
(898,285,24)
(898,67,838)
(898,67,6049)
(898,285,640)
(898,67,24)
(898,67,25)
(898,67,6038)
(898,67,39)
(898,67,354)
(898,89,208)
(898,67,2398)
(898,285,49)
(898,67,130)
(898,89,130)
(898,67,6040)
(898,67,689)
(898,67,352)
(898,67,6051)
(898,285,346)
(898,67,18)
(898,67,49)
(898,67,6045)
(898,67,4523)
(898,89,18)
(898,285,352)
(898,285,130)
(898,67,73)
(898,67,364)
(898,67,208)
(898,89,49)
(898,285,39)
(898,67,810)
(898,89,213)
(898,67,2806)
(898,89,39)
(898,285,25)
(898,67,16)
(898,67,242)
(898,285,208)
(898,67,3558)
(898,285,73)
(899,173,18)
(899,89,18)
(899,190,18)
(899,306,18)
(899,154,18)
(899,412,169)
(899,67,242)
(899,67,18)
(899,300,18)
(899,288,18)
(899,816,169)
(904,190,387)
(904,190,850)
(904,203,389)
(904,190,6103)
(904,190,389)
(904,203,73)
(904,227,850)
(904,190,503)
(904,190,72)
(904,227,73)
(904,190,78)
(904,190,84)
(904,190,2009)
(904,190,73)
(905,289,39)
(905,207,39)
(905,285,39)
(905,300,39)
(905,67,39)
(905,89,39)
(905,257,39)
(905,292,39)
(905,89,6104)
(905,289,6104)
(905,288,39)
(905,89,6105)
(906,89,234)
(906,292,234)
(906,289,6116)
(906,89,6127)
(906,67,234)
(906,288,234)
(906,344,234)
(906,289,234)
(909,209,3292)
(909,289,79)
(909,289,39)
(909,190,79)
(909,198,73)
(909,51,39)
(909,293,39)
(909,293,24)
(909,289,24)
(909,289,73)
(909,51,79)
(909,209,79)
(909,190,73)
(909,51,73)
(909,209,73)
(909,293,73)
(911,285,209)
(911,289,18)
(911,67,39)
(911,288,39)
(911,67,24)
(911,292,39)
(911,190,18)
(911,293,39)
(911,293,24)
(911,67,209)
(911,289,209)
(911,291,24)
(911,157,209)
(911,89,18)
(911,157,39)
(911,89,24)
(911,289,39)
(911,192,24)
(911,288,24)
(911,285,24)
(911,292,18)
(911,285,39)
(911,292,167)
(911,67,167)
(911,89,39)
(911,67,18)
(911,289,309)
(911,288,18)
(911,292,24)
(911,475,24)
(911,288,167)
(911,157,167)
(911,285,167)
(911,289,24)
(911,288,831)
(911,292,209)
(911,289,831)
(911,289,167)
(911,157,24)
(913,89,793)
(916,292,24)
(916,292,39)
(916,292,130)
(919,207,79)
(919,154,73)
(919,207,195)
(919,154,18)
(919,154,79)
(919,207,78)
(919,154,78)
(919,154,195)
(919,207,73)
(922,377,79)
(922,182,389)
(922,377,73)
(922,744,187)
(922,603,33)
(922,377,78)
(922,316,79)
(922,182,79)
(922,603,26)
(922,744,33)
(922,182,81)
(922,316,73)
(922,182,195)
(922,182,73)
(922,744,14)
(922,603,14)
(927,209,73)
(927,377,73)
(936,748,13)
(936,603,47)
(936,748,6256)
(936,748,34)
(936,748,187)
(936,748,18)
(936,748,14)
(936,748,47)
(939,190,78)
(939,67,73)
(939,229,78)
(939,229,73)
(939,190,73)
(939,182,73)
(941,190,73)
(941,288,234)
(941,190,81)
(941,227,73)
(941,190,213)
(941,512,79)
(941,190,79)
(941,378,79)
(941,289,73)
(941,207,73)
(941,157,73)
(941,288,213)
(941,233,234)
(941,157,79)
(941,291,73)
(941,157,234)
(941,233,79)
(941,377,79)
(941,67,73)
(941,207,81)
(941,300,234)
(941,67,213)
(941,292,213)
(941,227,191)
(941,292,234)
(941,289,234)
(941,285,73)
(941,289,213)
(941,190,234)
(941,333,73)
(941,292,73)
(941,233,213)
(941,292,79)
(941,67,234)
(941,233,191)
(941,512,234)
(941,293,73)
(942,289,238)
(942,288,238)
(942,292,238)
(942,89,238)
(942,257,238)
(952,333,73)
(952,228,73)
(952,154,88)
(952,289,73)
(952,154,73)
(952,159,73)
(953,163,247)
(954,72,18)
(954,72,25)
(954,67,25)
(954,72,17)
(954,285,25)
(954,173,18)
(954,67,18)
(955,72,73)
(955,285,167)
(955,285,210)
(955,72,210)
(955,227,352)
(955,285,73)
(955,285,130)
(955,289,167)
(955,285,352)
(955,227,73)
(955,72,352)
(955,289,73)
(955,173,73)
(955,289,210)
(955,289,130)
(955,67,130)
(955,67,210)
(955,285,625)
(955,289,352)
(955,67,352)
(955,67,73)
(955,67,167)
(960,331,6373)
(964,190,79)
(964,209,79)
(964,154,84)
(964,154,195)
(964,190,81)
(964,154,79)
(964,190,195)
(964,687,79)
(964,154,81)
(964,190,84)
(964,333,79)
(964,412,79)
(964,226,79)
(965,289,636)
(969,233,73)
(969,289,73)
(969,89,73)
(969,72,73)
(969,209,73)
(969,292,73)
(972,418,6444)
(972,418,1538)
(972,163,32)
(972,163,6445)
(972,418,393)
(972,163,6444)
(972,154,81)
(972,163,1538)
(972,418,81)
(972,418,23)
(972,163,81)
(972,163,424)
(977,72,508)
(977,72,364)
(977,72,213)
(979,233,189)
(979,233,61)
(984,288,49)
(984,289,49)
(984,306,130)
(984,289,130)
(984,306,39)
(984,289,39)
(984,288,18)
(984,306,24)
(984,306,18)
(984,288,39)
(984,288,24)
(984,289,18)
(984,288,130)
(984,289,24)
