(985,289,24)
(985,67,24)
(985,285,24)
(986,707,1)
(986,207,78)
(986,209,79)
(986,154,79)
(986,234,79)
(986,209,73)
(986,154,78)
(986,207,73)
(986,220,78)
(986,234,73)
(986,412,79)
(986,707,73)
(986,226,78)
(986,207,79)
(986,412,73)
(986,226,79)
(986,154,73)
(986,333,73)
(986,230,78)
(986,226,73)
(986,230,73)
(991,163,6518)
(991,163,387)
(991,163,75)
(994,72,79)
(994,227,195)
(994,72,195)
(994,227,24)
(994,72,24)
(994,72,39)
(994,72,14)
(994,72,13)
(994,72,18)
(1001,291,6619)
(1001,300,109)
(1001,289,109)
(1001,67,109)
(1001,157,109)
(1001,291,109)
(1009,209,79)
(1009,486,79)
(1010,72,3865)
(1010,72,6658)
(1014,67,689)
(1014,67,6699)
(1014,67,6698)
(1017,288,24)
(1017,173,24)
(1017,293,24)
(1017,257,24)
(1017,289,24)
(1017,289,2099)
(1017,265,24)
(1017,289,636)
(1017,292,24)
(1017,157,24)
(1017,67,24)
(1017,89,24)
(1020,498,73)
(1020,300,73)
(1020,234,73)
(1020,154,195)
(1020,198,73)
(1020,154,73)
(1021,159,79)
(1021,227,88)
(1021,72,73)
(1021,227,73)
(1021,159,81)
(1021,227,387)
(1021,72,79)
(1021,72,88)
(1021,72,81)
(1021,227,192)
(1021,230,73)
(1021,159,73)
(1023,289,636)
(1023,300,130)
(1023,292,130)
(1023,289,199)
(1023,89,238)
(1023,67,130)
(1023,289,238)
(1023,67,24)
(1023,306,130)
(1023,67,199)
(1023,157,238)
(1023,289,1237)
(1023,257,130)
(1023,289,130)
(1023,227,662)
(1023,190,238)
(1023,89,24)
(1023,306,662)
(1023,292,238)
(1023,289,24)
(1023,89,199)
(1023,288,24)
(1023,333,24)
(1023,67,238)
(1023,288,130)
(1023,292,797)
(1023,157,24)
(1023,89,130)
(1023,293,130)
(1023,288,199)
(1023,300,24)
(1023,289,662)
(1023,289,6746)
(1023,300,662)
(1023,289,1673)
(1023,257,24)
(1023,288,662)
(1023,292,24)
(1023,293,24)
(1023,306,24)
(1023,293,199)
(1023,289,797)
(1023,289,2868)
(1024,67,364)
(1029,203,6253)
(1029,203,6800)
(1029,203,6813)
(1032,227,192)
(1032,227,88)
(1032,227,695)
(1032,227,73)
(1032,227,24)
(1033,67,358)
(1033,289,358)
(1036,227,6853)
(1036,227,6852)
(1046,289,370)
(1046,89,6103)
(1046,65,6103)
(1046,89,370)
(1049,72,79)
(1049,207,81)
(1049,207,84)
(1049,154,56)
(1049,418,79)
(1049,207,195)
(1049,72,81)
(1049,418,81)
(1049,154,78)
(1049,418,955)
(1049,154,81)
(1049,72,955)
(1049,207,79)
(1049,72,84)
(1049,154,195)
(1049,154,79)
(1049,72,364)
(1049,207,78)
(1049,154,84)
(1049,72,56)
(1049,72,195)
(1052,234,79)
(1052,233,79)
(1054,72,14)
(1060,72,79)
(1060,154,79)
(1060,154,73)
(1060,154,103)
(1060,72,73)
(1063,195,6995)
(1069,289,7030)
(1069,289,7032)
(1069,289,7031)
(1070,291,285)
(1070,159,81)
(1072,292,208)
(1072,67,209)
(1072,89,208)
(1072,292,209)
(1072,289,208)
(1072,295,208)
(1072,288,208)
(1072,67,208)
(1072,257,209)
(1072,257,208)
(1072,292,1297)
(1072,288,1297)
(1072,289,209)
(1072,289,1297)
(1074,72,25)
(1074,72,73)
(1074,159,25)
(1074,159,16)
(1074,159,73)
(1074,154,275)
(1074,182,73)
(1074,72,275)
(1074,227,73)
(1074,72,16)
(1074,159,275)
(1074,159,1478)
(1074,154,73)
(1080,289,130)
(1080,257,130)
(1080,89,209)
(1080,344,130)
(1080,257,209)
(1080,157,209)
(1080,295,24)
(1080,157,24)
(1080,289,209)
(1080,89,24)
(1080,67,24)
(1080,89,130)
(1080,288,24)
(1080,344,24)
(1080,227,24)
(1080,292,130)
(1080,67,130)
(1080,67,209)
(1080,257,24)
(1080,289,24)
(1080,292,209)
(1080,333,24)
(1080,292,24)
(1080,321,24)
(1080,88,24)
(1080,288,130)
(1081,72,81)
(1081,182,81)
(1081,72,73)
(1081,228,79)
(1081,182,79)
(1081,228,73)
(1081,72,79)
(1081,72,84)
(1081,182,73)
(1081,228,84)
(1081,72,275)
(1081,424,81)
(1084,173,84)
(1088,498,4311)
(1088,707,185)
(1088,903,130)
(1088,498,3869)
(1088,498,3375)
(1088,498,130)
(1088,498,1886)
(1088,498,1753)
(1088,498,513)
(1088,498,185)
(1088,498,206)
(1088,498,7103)
(1091,378,7129)
(1091,371,73)
(1091,378,213)
(1091,378,234)
(1091,378,1159)
(1091,377,73)
(1091,72,825)
(1091,72,234)
(1091,154,73)
(1091,72,213)
(1091,499,73)
(1091,378,73)
(1091,72,73)
(1091,378,825)
(1091,378,185)
(1091,378,7124)
(1091,378,346)
(1091,72,185)
(1094,230,127)
(1094,154,127)
(1094,917,127)
(1099,72,16)
(1099,72,17)
(1099,72,25)
(1099,72,18)
(1103,72,74)
(1103,153,74)
(1103,30,74)
(1104,300,130)
(1104,173,24)
(1104,288,24)
(1104,265,24)
(1104,89,130)
(1104,306,130)
(1104,67,130)
(1104,289,24)
(1104,67,25)
(1104,295,24)
(1104,289,130)
(1104,374,130)
(1104,300,24)
(1104,265,130)
(1104,257,130)
(1104,257,24)
(1104,67,24)
(1104,292,24)
(1104,227,24)
(1104,306,24)
(1104,292,130)
(1104,288,130)
(1104,89,24)
(1115,159,16)
(1115,51,16)
(1115,51,25)
(1115,72,395)
(1115,187,25)
(1115,51,395)
(1115,187,24)
(1115,72,16)
(1115,98,395)
(1115,72,24)
(1115,182,24)
(1115,72,74)
(1115,98,16)
(1115,159,25)
(1115,72,309)
(1115,51,74)
(1115,72,25)
(1118,154,127)
(1118,154,56)
(1118,154,285)
(1118,154,799)
(1118,159,127)
(1120,89,73)
(1120,225,73)
(1120,230,73)
(1120,209,73)
(1120,182,73)
(1120,412,73)
(1120,190,73)
(1120,173,73)
(1120,289,73)
(1120,154,73)
(1120,65,73)
(1120,504,73)
(1124,289,24)
(1124,289,199)
(1124,289,130)
(1124,67,130)
(1124,67,199)
(1124,89,24)
(1124,67,109)
(1124,498,73)
(1124,289,349)
(1124,89,199)
(1124,67,39)
(1124,289,73)
(1124,289,6072)
(1124,498,130)
(1124,89,39)
(1124,89,130)
(1124,67,24)
(1124,89,850)
(1124,67,73)
(1124,289,850)
(1124,289,109)
(1124,289,39)
(1128,89,130)
(1128,67,358)
(1128,89,209)
(1128,89,24)
(1128,289,24)
(1128,288,831)
(1128,67,209)
(1128,288,24)
(1128,289,130)
(1128,67,130)
(1128,67,24)
(1128,289,831)
(1128,289,358)
(1128,289,2637)
(1128,288,662)
(1128,288,130)
(1128,289,7406)
(1128,289,662)
(1128,89,831)
(1128,289,209)
(1128,227,662)
(1132,67,24)
(1132,89,24)
(1132,157,24)
(1132,291,24)
(1132,67,238)
(1132,257,24)
(1132,289,24)
(1132,306,24)
(1132,289,238)
(1132,157,238)
(1132,285,24)
(1132,292,24)
(1132,285,238)
(1132,292,238)
(1132,288,24)
(1135,67,39)
(1135,285,24)
(1135,285,39)
(1135,289,24)
(1135,289,18)
(1135,288,24)
(1135,288,39)
(1135,292,24)
(1135,289,39)
(1135,67,24)
(1135,288,18)
(1135,292,39)
(1135,67,18)
(1137,67,25)
(1137,289,346)
(1137,67,689)
(1137,67,346)
(1137,289,130)
(1137,67,130)
(1137,67,24)
(1137,67,102)
(1137,289,24)
(1137,67,134)
(1137,289,134)
(1138,163,387)
(1138,163,75)
(1138,154,387)
(1139,187,24)
(1143,67,24)
(1143,67,39)
(1143,89,24)
(1143,257,24)
(1143,289,167)
(1143,257,167)
(1143,289,39)
(1143,289,24)
(1143,288,167)
(1143,229,24)
(1143,288,24)
(1143,288,39)
(1143,67,167)
(1143,257,39)
(1143,89,39)
(1143,300,39)
(1143,89,167)
(1143,300,24)
(1150,190,285)
(1150,67,285)
(1150,289,285)
(1150,344,193)
(1150,288,285)
(1150,89,285)
(1150,344,524)
(1150,344,285)
(1150,65,285)
(1151,190,72)
(1151,190,73)
(1151,190,79)
(1151,378,73)
(1151,378,79)
(1151,378,78)
(1151,190,78)
(1156,154,79)
(1156,154,33)
(1156,154,21)
(1156,154,56)
(1156,154,824)
(1156,154,826)
(1156,154,799)
(1156,154,18)
(1156,154,285)
(1160,498,169)
(1160,198,78)
(1160,154,78)
(1160,498,130)
(1161,89,24)
(1161,300,73)
(1161,226,73)
(1161,295,24)
(1161,292,73)
(1161,289,73)
(1161,333,73)
(1161,412,73)
(1161,67,73)
(1161,89,73)
(1161,289,24)
(1161,209,73)
(1161,300,24)
(1161,333,24)
(1161,67,24)
(1161,344,24)
(1161,292,24)
(1163,72,514)
(1165,475,285)
(1165,288,285)
(1165,72,285)
(1171,257,238)
(1171,289,238)
(1171,300,238)
(1171,288,238)
(1171,67,238)
(1171,89,238)
(1171,292,238)
(1173,59,79)
(1173,59,16)
(1173,59,18)
(1173,72,61)
(1173,51,16)
(1173,285,24)
(1173,72,73)
(1173,51,73)
(1173,51,74)
(1173,72,24)
(1173,230,73)
(1173,51,79)
(1173,72,275)
(1173,72,74)
(1173,59,275)
(1173,285,73)
(1173,173,18)
(1173,72,79)
(1173,51,18)
(1173,173,79)
(1173,72,16)
(1173,72,18)
(1173,173,73)
(1173,173,24)
(1173,30,18)
(1179,190,73)
(1179,67,73)
(1179,300,73)
(1179,289,73)
(1179,89,73)
(1179,65,73)
(1179,377,73)
(1179,157,73)
(1179,291,73)
(1179,293,73)
(1179,292,73)
(1179,173,73)
(1183,234,170)
(1183,234,2461)
(1183,234,181)
(1183,234,364)
(1183,288,364)
(1184,67,689)
(1184,67,7669)
(1185,67,130)
(1185,288,130)
(1185,289,24)
(1185,289,130)
(1185,67,24)
(1185,289,358)
(1185,288,24)
(1185,67,358)
(1189,67,1311)
(1189,289,1311)
(1191,72,73)
(1191,72,81)
(1191,475,352)
(1191,190,73)
(1191,159,73)
(1191,159,81)
(1191,72,352)
(1191,51,73)
(1191,190,352)
(1191,190,81)
(1196,234,4354)
(1198,289,238)
(1198,67,199)
(1198,289,39)
(1198,289,24)
(1198,292,167)
(1198,67,231)
(1198,288,24)
(1198,306,24)
(1198,89,778)
(1198,289,79)
(1198,67,130)
(1198,191,73)
(1198,306,231)
(1198,89,79)
(1198,289,778)
(1198,173,24)
(1198,295,24)
(1198,67,39)
(1198,289,167)
(1198,306,130)
(1198,67,24)
(1198,288,167)
(1198,291,130)
(1198,67,238)
(1198,67,73)
(1198,291,73)
(1198,173,73)
(1198,292,18)
(1198,173,18)
(1198,292,24)
(1198,89,231)
(1198,191,79)
(1198,89,24)
(1198,292,730)
(1198,292,39)
(1198,291,231)
(1198,292,231)
(1198,292,134)
(1198,89,18)
(1198,89,199)
(1198,89,2352)
(1198,288,199)
(1198,289,232)
(1198,223,73)
(1198,288,231)
(1198,300,39)
(1198,292,210)
(1198,289,231)
(1198,265,24)
(1198,289,230)
(1198,89,7000)
(1198,89,39)
(1198,289,730)
(1198,289,199)
(1198,306,18)
(1198,89,232)
(1198,65,231)
(1198,265,130)
(1198,306,39)
(1198,67,210)
(1198,89,658)
(1198,300,24)
(1198,89,238)
(1198,265,231)
(1198,89,73)
(1198,65,79)
(1198,88,18)
(1198,89,134)
(1198,292,130)
(1198,65,73)
(1198,289,210)
(1198,300,730)
(1198,89,130)
(1198,300,130)
(1198,291,24)
(1198,89,730)
(1198,289,18)
(1198,67,167)
(1198,295,167)
(1198,67,18)
(1198,292,79)
(1198,223,79)
(1198,89,230)
(1198,67,134)
(1198,292,238)
(1198,289,134)
(1198,288,18)
(1198,89,167)
(1198,173,134)
(1198,288,39)
(1198,289,73)
(1198,173,79)
(1198,289,130)
(1198,288,230)
(1198,89,210)
(1198,292,73)
(1198,288,130)
(1198,88,24)
(1202,159,16)
(1202,72,69)
(1202,67,352)
(1202,72,7797)
(1202,72,7800)
(1202,67,25)
(1202,159,79)
(1202,72,16)
(1202,72,526)
(1202,72,184)
(1202,72,352)
(1202,72,191)
(1202,67,503)
(1202,72,514)
(1202,173,79)
(1202,72,17)
(1202,72,25)
(1202,72,7801)
(1202,65,185)
(1202,72,1447)
(1202,67,184)
(1202,72,79)
(1202,72,527)
(1202,72,7657)
(1202,173,18)
(1202,72,2805)
(1202,72,2384)
(1202,159,25)
(1202,72,18)
(1202,67,527)
(1202,72,503)
(1202,67,185)
(1202,72,1956)
(1202,67,18)
(1202,182,79)
(1202,72,4897)
(1202,72,185)
(1202,65,79)
(1202,67,16)
(1202,72,1680)
(1205,289,185)
(1205,300,81)
(1205,159,81)
(1205,289,134)
(1205,227,185)
(1209,98,447)
(1209,72,447)
(1209,51,195)
(1209,72,511)
(1209,441,195)
(1209,72,17)
(1209,227,306)
(1209,72,195)
(1209,190,195)
(1209,157,306)
(1209,207,195)
(1209,227,195)
(1209,190,306)
(1210,441,81)
(1210,72,25)
(1210,67,25)
(1210,67,3605)
(1210,441,275)
(1210,441,25)
(1210,72,352)
(1210,72,275)
(1210,67,352)
(1210,72,17)
(1210,72,127)
(1210,72,3605)
(1213,89,187)
(1213,30,74)
(1213,89,17)
(1213,631,187)
(1213,72,74)
(1213,233,18)
(1213,72,17)
(1213,89,18)
(1213,30,17)
(1213,67,187)
(1213,289,187)
(1213,748,187)
(1213,1084,187)
(1213,30,18)
(1213,441,18)
(1213,300,18)
(1213,59,18)
(1213,233,187)
(1213,1084,17)
(1213,1084,18)
(1213,72,18)
(1213,67,18)
(1213,51,18)
(1213,288,18)
(1213,173,18)
(1213,748,18)
(1213,89,74)
(1213,51,74)
(1213,190,18)
(1213,279,18)
(1213,1084,74)
(1213,51,187)
(1213,603,18)
(1213,289,18)
(1213,190,74)
(1213,72,187)
(1216,89,234)
(1220,67,25)
(1220,67,16)
(1220,67,73)
(1225,72,514)
(1232,72,18)
(1232,159,1542)
(1233,67,2580)
(1233,292,18)
(1233,67,8013)
(1233,67,203)
(1233,67,39)
(1233,289,18)
(1233,67,642)
(1233,289,39)
(1233,289,187)
(1233,67,814)
(1233,67,4509)
(1233,292,642)
(1233,67,187)
(1233,292,39)
(1233,289,642)
(1233,67,512)
(1233,67,18)
(1234,67,203)
(1234,72,18)
(1234,187,24)
(1234,72,203)
(1234,67,18)
(1234,67,24)
(1234,67,238)
(1234,72,195)
(1234,72,238)
(1234,72,24)
(1239,152,387)
(1239,163,387)
(1239,154,387)
(1247,292,797)
(1247,289,797)
(1247,289,639)
(1247,291,216)
(1247,289,346)
(1247,285,639)
(1247,289,2934)
(1247,67,346)
(1247,67,238)
(1247,288,234)
(1247,289,358)
(1247,289,132)
(1247,285,238)
(1247,67,2651)
(1247,67,508)
(1247,257,209)
(1247,67,7078)
(1247,300,508)
(1247,67,206)
(1247,285,216)
(1247,285,346)
(1247,67,209)
(1247,289,216)
(1247,157,209)
(1247,67,234)
(1247,289,234)
(1247,67,8093)
(1247,285,209)
(1247,292,209)
(1247,292,238)
(1247,289,209)
(1247,89,206)
(1247,300,206)
(1247,289,636)
(1247,289,774)
(1247,292,234)
(1247,67,358)
(1247,289,1311)
(1247,289,206)
(1247,289,2224)
(1247,289,8094)
(1247,285,508)
(1247,67,216)
(1247,67,639)
(1247,292,216)
(1247,292,346)
(1247,157,234)
(1247,157,238)
(1247,288,508)
(1247,279,238)
(1247,279,216)
(1247,292,774)
(1247,289,508)
(1247,289,238)
(1248,190,210)
(1248,292,625)
(1248,257,238)
(1248,89,508)
(1248,289,210)
(1248,190,352)
(1248,292,238)
(1248,288,508)
(1248,157,625)
(1248,292,210)
(1248,289,352)
(1248,89,210)
(1248,289,508)
(1248,157,352)
(1248,257,625)
(1248,157,210)
(1248,289,238)
(1248,67,210)
(1248,257,210)
(1248,190,238)
(1248,257,352)
(1248,157,508)
(1248,292,508)
(1248,257,4157)
(1248,67,352)
(1248,257,8097)
(1248,190,508)
(1248,67,238)
(1248,257,508)
(1248,89,238)
(1248,707,352)
(1248,157,238)
(1248,67,508)
(1253,89,208)
(1253,288,208)
(1253,285,216)
(1253,67,208)
(1253,257,208)
(1253,289,216)
(1253,292,216)
(1253,285,208)
(1253,67,216)
(1253,295,208)
(1253,291,216)
(1253,289,208)
(1253,292,208)
(1255,72,74)
(1258,72,61)
(1258,631,61)
(1258,441,61)
(1258,599,61)
(1263,289,8200)
(1267,230,73)
(1267,412,169)
(1267,412,182)
(1267,285,73)
(1267,412,8218)
(1267,333,169)
(1267,230,182)
(1267,707,73)
(1267,412,73)
(1267,163,73)
(1267,333,73)
(1267,227,73)
(1267,198,73)
(1271,227,1236)
(1275,229,73)
(1275,67,192)
(1275,157,73)
(1275,154,73)
(1275,154,195)
(1275,67,73)
(1275,157,192)
(1275,289,73)
(1275,157,247)
(1277,289,73)
(1277,234,79)
(1277,234,73)
(1278,289,24)
(1278,288,1237)
(1278,295,167)
(1278,67,24)
(1278,67,1237)
(1278,288,24)
(1278,89,24)
(1278,295,24)
(1278,257,24)
(1278,72,24)
(1278,292,24)
(1278,306,24)
(1278,292,167)
(1278,288,167)
(1278,298,24)
(1278,55,24)
(1278,89,1237)
(1278,289,167)
(1278,67,167)
(1278,89,167)
(1278,300,24)
(1278,157,24)
(1278,157,167)
(1278,289,1237)
(1278,265,24)
(1278,285,24)
(1278,89,706)
(1278,257,167)
(1278,285,167)
(1278,333,24)
(1278,67,706)
(1282,72,514)
(1283,289,1869)
(1283,289,1671)
(1283,289,8303)
(1283,289,8302)
(1283,289,8002)
(1283,289,8306)
(1283,289,8304)
(1283,289,8312)
(1284,603,47)
(1294,304,8387)
(1294,304,8386)
(1294,304,1912)
(1294,89,1912)
(1295,207,8392)
(1295,207,2605)
(1300,289,238)
(1300,157,238)
(1300,285,238)
(1300,289,8420)
(1300,289,3999)
(1300,89,229)
(1300,285,39)
(1300,289,2866)
(1300,67,209)
(1300,292,238)
(1300,292,39)
(1300,285,130)
(1300,289,8421)
(1300,292,229)
(1300,292,209)
(1300,289,8423)
(1300,289,686)
(1300,289,352)
(1300,289,4970)
(1300,89,3999)
(1300,67,39)
(1300,285,352)
(1300,289,287)
(1300,289,209)
(1300,157,210)
(1300,157,209)
(1300,89,39)
(1300,67,130)
(1300,288,2700)
(1300,157,2700)
(1300,157,24)
(1300,289,229)
(1300,285,209)
(1300,289,24)
(1300,157,352)
(1300,288,24)
(1300,292,130)
(1300,292,210)
(1300,289,130)
(1300,289,39)
(1300,289,2700)
(1300,157,39)
(1300,285,210)
(1300,89,24)
(1300,289,4969)
(1300,289,8422)
(1300,89,130)
(1300,289,210)
(1300,292,24)
(1300,67,238)
(1300,67,352)
(1300,190,229)
(1300,285,24)
(1300,288,130)
(1300,67,24)
(1300,288,39)
(1302,67,24)
(1302,288,24)
(1302,227,24)
(1302,306,24)
(1308,288,24)
(1308,285,24)
(1308,265,24)
(1308,157,2691)
(1308,289,24)
(1308,257,24)
(1308,67,24)
(1308,333,24)
(1308,157,24)
(1308,292,24)
(1308,89,24)
(1312,377,78)
(1312,488,78)
(1312,377,73)
(1312,371,182)
(1312,371,78)
(1312,493,73)
(1312,493,78)
(1312,190,73)
(1312,190,78)
(1312,371,73)
(1335,748,18)
(1335,748,47)
(1343,72,5974)
(1343,72,8744)
(1343,72,3893)
(1343,72,3883)
(1343,72,8743)
(1343,72,8746)
(1343,72,8736)
(1343,72,3882)
(1343,72,3910)
(1343,72,8757)
(1346,67,24)
(1346,292,39)
(1346,209,73)
(1346,288,130)
(1346,321,24)
(1346,67,642)
(1346,157,73)
(1346,377,73)
(1346,209,127)
(1346,289,130)
(1346,67,130)
(1346,288,39)
(1346,333,73)
(1346,157,39)
(1346,289,642)
(1346,377,127)
(1346,89,24)
(1346,289,73)
(1346,89,127)
(1346,289,39)
(1346,230,78)
(1346,805,127)
(1346,292,130)
(1346,288,127)
(1346,67,39)
(1346,173,73)
(1346,190,78)
(1346,190,127)
(1346,173,127)
(1346,89,39)
(1346,344,24)
(1346,67,127)
(1346,378,130)
(1346,89,73)
(1346,157,306)
(1346,190,73)
(1346,157,24)
(1346,377,78)
(1346,292,642)
(1346,173,24)
(1346,289,127)
(1346,190,306)
(1346,230,73)
(1346,292,24)
(1346,173,78)
(1346,173,306)
(1346,292,73)
(1346,289,24)
(1346,333,24)
(1346,378,78)
(1346,687,73)
(1346,288,24)
(1346,230,127)
(1346,377,306)
(1346,378,73)
(1346,67,73)
(1346,344,130)
(1346,89,130)
(1346,412,73)
(1348,333,3572)
(1349,418,79)
(1349,227,73)
(1349,227,195)
(1349,227,78)
(1349,154,18)
(1349,418,81)
(1349,154,78)
(1349,154,73)
(1349,291,73)
(1349,154,79)
(1349,154,2469)
(1349,154,195)
(1349,154,81)
(1351,344,24)
(1351,333,24)
(1353,779,378)
(1353,779,376)
(1356,288,24)
(1356,67,24)
(1356,288,49)
(1356,72,662)
(1356,157,39)
(1356,300,662)
(1356,89,39)
(1356,89,639)
(1356,67,39)
(1356,288,662)
(1356,157,209)
(1356,292,49)
(1356,89,1124)
(1356,89,49)
(1356,72,209)
(1356,72,39)
(1356,289,49)
(1356,289,639)
(1356,292,24)
(1356,292,209)
(1356,89,209)
(1356,288,39)
(1356,289,636)
(1356,300,39)
(1356,67,639)
(1356,289,662)
(1356,227,662)
(1356,67,209)
(1356,67,49)
(1356,292,39)
(1356,292,639)
(1356,289,24)
(1356,157,24)
(1356,289,39)
(1356,300,49)
(1356,289,209)
(1356,89,24)
(1356,300,24)
(1358,233,839)
(1358,233,191)
(1366,288,206)
(1369,344,421)
(1369,344,791)
(1369,289,421)
(1369,344,193)
(1372,207,8951)
(1380,229,56)
(1380,289,285)
(1380,173,24)
(1380,229,762)
(1380,229,184)
(1380,67,285)
(1380,229,4530)
(1380,289,508)
(1380,173,184)
(1380,229,1354)
(1380,227,184)
(1380,292,210)
(1380,209,762)
(1380,89,508)
(1380,227,24)
(1380,173,56)
(1380,707,185)
(1380,292,508)
(1380,89,210)
(1380,227,185)
(1380,154,56)
(1380,289,210)
(1380,229,824)
(1380,159,275)
(1380,67,824)
(1380,707,285)
(1380,154,275)
(1380,67,184)
(1380,229,275)
(1380,207,210)
(1380,227,306)
(1380,229,24)
(1380,67,185)
(1380,229,306)
(1380,292,24)
(1380,154,824)
(1380,289,184)
(1380,289,24)
(1380,207,389)
(1380,173,306)
(1380,229,285)
(1380,67,508)
(1380,207,275)
(1380,229,13)
(1380,378,185)
(1380,173,389)
(1380,207,285)
(1380,229,210)
(1380,289,185)
(1380,89,184)
(1380,229,185)
(1380,67,210)
(1380,58,24)
(1380,229,389)
(1380,154,285)
(1380,229,508)
(1380,67,24)
(1380,89,24)
(1380,533,389)
(1380,89,285)
(1388,89,357)
(1388,289,639)
(1388,89,24)
(1388,300,850)
(1388,89,850)
(1388,67,639)
(1388,67,24)
(1388,300,2805)
(1388,300,346)
(1388,300,657)
(1388,67,503)
(1388,289,850)
(1388,300,639)
(1388,300,503)
(1388,289,346)
(1388,89,639)
(1388,300,24)
(1388,289,357)
(1388,292,24)
(1388,300,9005)
(1388,300,357)
(1388,292,639)
(1388,292,346)
(1388,67,357)
(1388,67,346)
(1388,289,24)
(1394,227,24)
(1394,89,39)
(1394,288,39)
(1394,288,24)
(1394,288,18)
(1394,292,24)
(1394,289,18)
(1394,67,39)
(1394,67,18)
(1394,289,24)
(1394,89,18)
(1394,89,24)
(1394,67,24)
(1394,292,18)
(1394,89,658)
(1394,67,689)
(1394,190,18)
(1394,292,39)
(1394,289,39)
(1399,306,39)
(1399,89,39)
(1399,292,18)
(1399,306,24)
(1399,292,39)
(1399,89,9081)
(1399,306,18)
(1399,292,24)
(1399,89,24)
(1399,89,18)
(1402,163,352)
(1402,163,75)
(1402,163,1330)
(1402,163,387)
(1402,163,72)
(1402,163,88)
(1402,163,410)
(1402,163,234)
(1405,159,127)
(1405,159,81)
(1405,197,134)
(1405,72,81)
(1405,72,127)
(1410,227,24)
(1410,292,206)
(1410,89,24)
(1410,333,238)
(1410,289,206)
(1410,89,206)
(1410,344,206)
(1410,325,206)
(1410,288,234)
(1410,292,234)
(1410,227,206)
(1410,291,234)
(1410,67,24)
(1410,291,24)
(1410,288,206)
(1410,190,238)
(1410,289,234)
(1410,344,24)
(1410,67,206)
(1410,67,238)
(1410,67,234)
(1410,89,234)
(1410,292,24)
(1410,288,24)
(1410,289,24)
(1410,344,234)
(1410,295,24)
(1410,289,238)
(1410,300,24)
(1410,288,238)
(1410,191,234)
(1410,190,234)
(1410,300,234)
(1410,89,238)
(1410,300,238)
(1410,292,238)
(1410,333,24)
(1410,300,206)
(1413,289,9169)
(1421,233,370)
(1423,292,364)
(1423,300,109)
(1423,289,109)
(1423,344,364)
(1423,89,364)
(1423,291,109)
(1423,288,364)
(1423,288,109)
(1423,291,364)
(1423,289,364)
(1426,227,108)
(1427,72,395)
(1428,227,73)
(1428,378,73)
(1428,377,79)
(1428,377,73)
(1428,378,79)
(1434,292,24)
(1434,288,24)
(1434,289,24)
(1434,292,4916)
(1434,295,24)
(1434,89,24)
(1434,257,24)
(1434,67,24)
(1434,475,24)
(1435,257,123)
(1440,67,130)
(1442,154,127)
(1444,498,81)
(1444,498,130)
(1444,498,79)
(1444,498,1252)
(1444,498,73)
(1445,67,24)
(1445,157,24)
(1445,300,39)
(1445,257,39)
(1445,306,39)
(1445,265,24)
(1445,285,39)
(1445,292,234)
(1445,399,39)
(1445,265,130)
(1445,187,24)
(1445,67,234)
(1445,257,167)
(1445,257,234)
(1445,285,208)
(1445,89,24)
(1445,285,167)
(1445,67,130)
(1445,291,24)
(1445,292,208)
(1445,288,167)
(1445,288,39)
(1445,289,24)
(1445,300,662)
(1445,288,130)
(1445,344,130)
(1445,292,39)
(1445,257,130)
(1445,306,130)
(1445,292,24)
(1445,89,208)
(1445,285,130)
(1445,292,167)
(1445,67,167)
(1445,292,346)
(1445,306,24)
(1445,288,24)
(1445,291,130)
(1445,292,662)
(1445,300,234)
(1445,257,2676)
(1445,67,39)
(1445,89,130)
(1445,257,346)
(1445,89,234)
(1445,333,24)
(1445,285,346)
(1445,157,39)
(1445,289,234)
(1445,344,234)
(1445,295,167)
(1445,289,208)
(1445,289,39)
(1445,293,39)
(1445,157,234)
(1445,67,208)
(1445,306,662)
(1445,157,167)
(1445,257,208)
(1445,344,24)
(1445,289,346)
(1445,67,346)
(1445,289,130)
(1445,295,208)
(1445,291,234)
(1445,288,662)
(1445,293,24)
(1445,300,24)
(1445,257,662)
(1445,289,662)
(1445,288,234)
(1445,289,167)
(1445,173,24)
(1445,89,167)
(1445,265,346)
(1445,399,24)
(1445,295,24)
(1445,257,24)
(1445,300,130)
(1445,292,130)
(1445,293,130)
(1445,89,39)
(1445,285,24)
(1445,288,208)
(1447,89,39)
(1447,292,24)
(1447,288,24)
(1447,289,39)
(1447,288,39)
(1447,157,39)
(1447,300,657)
(1447,300,39)
(1447,289,24)
(1447,89,24)
(1447,300,24)
(1447,67,39)
(1447,291,24)
(1447,157,24)
(1447,292,39)
(1447,67,24)
(1450,154,78)
(1450,377,78)
(1452,288,206)
(1452,344,206)
(1452,289,109)
(1452,292,206)
(1452,289,206)
(1452,89,206)
(1452,333,109)
(1452,288,109)
(1453,288,130)
(1453,72,230)
(1453,89,130)
(1453,300,24)
(1453,288,9347)
(1453,67,24)
(1453,279,39)
(1453,89,781)
(1453,288,230)
(1453,89,831)
(1453,257,781)
(1453,289,636)
(1453,285,39)
(1453,288,831)
(1453,89,24)
(1453,257,130)
(1453,289,230)
(1453,265,24)
(1453,292,1319)
(1453,89,39)
(1453,289,9346)
(1453,72,285)
(1453,306,24)
(1453,72,831)
(1453,279,24)
(1453,67,209)
(1453,292,130)
(1453,292,39)
(1453,157,209)
(1453,292,209)
(1453,289,39)
(1453,72,39)
(1453,157,39)
(1453,285,209)
(1453,292,24)
(1453,285,24)
(1453,257,39)
(1453,306,39)
(1453,289,1319)
(1453,289,285)
(1453,289,209)
(1453,67,39)
(1453,289,24)
(1453,157,24)
(1453,306,130)
(1453,265,130)
(1453,257,209)
(1453,288,781)
(1453,72,209)
(1453,288,39)
(1453,288,4976)
(1453,279,781)
(1453,279,130)
(1453,288,632)
(1453,190,285)
(1453,257,230)
(1453,67,130)
(1453,285,130)
(1453,300,130)
(1453,257,24)
(1453,289,831)
(1453,289,130)
(1453,67,285)
(1453,288,24)
(1453,300,39)
(1453,288,285)
(1454,441,81)
(1454,72,352)
(1454,441,25)
(1454,441,121)
(1454,72,121)
(1454,159,81)
(1454,441,16)
(1454,441,79)
(1454,72,395)
(1454,72,25)
(1454,159,127)
(1454,159,79)
(1454,72,127)
(1454,159,25)
(1454,72,24)
(1454,72,18)
(1454,72,16)
(1454,159,16)
(1454,72,79)
(1454,72,74)
(1454,72,81)
(1454,441,18)
(1455,333,109)
(1455,291,1395)
(1455,289,24)
(1455,292,49)
(1455,292,209)
(1455,190,73)
(1455,289,184)
(1455,289,39)
(1455,333,73)
(1455,289,2785)
(1455,291,49)
(1455,89,130)
(1455,291,184)
(1455,289,216)
(1455,289,73)
(1455,292,130)
(1455,292,73)
(1455,291,2785)
(1455,289,130)
(1455,289,49)
(1455,291,216)
(1455,291,109)
(1455,89,49)
(1455,292,216)
(1455,89,39)
(1455,333,24)
(1455,291,73)
(1455,89,24)
(1455,289,209)
(1455,291,130)
(1455,289,109)
(1455,292,39)
(1455,291,784)
(1455,291,24)
(1455,292,24)
(1456,187,9366)
(1457,67,109)
(1457,289,358)
(1457,289,1311)
(1457,289,109)
(1457,67,358)
(1461,289,109)
(1461,289,24)
(1462,89,639)
(1462,292,39)
(1462,67,39)
(1462,89,724)
(1462,67,234)
(1462,67,130)
(1462,67,639)
(1462,89,9419)
(1462,292,639)
(1462,89,9416)
(1462,89,1613)
(1462,89,130)
(1462,288,24)
(1462,289,639)
(1462,289,234)
(1462,89,234)
(1462,89,9420)
(1462,292,1613)
(1462,289,39)
(1462,89,2785)
(1462,292,234)
(1462,289,2785)
(1462,288,130)
(1462,289,1495)
(1462,89,39)
(1462,89,286)
(1462,89,7746)
(1462,292,130)
(1462,89,24)
(1462,89,1495)
(1462,289,130)
(1462,288,39)
(1462,67,1613)
(1462,67,24)
(1462,289,1613)
(1462,289,24)
(1462,288,234)
(1462,292,24)
(1462,190,234)
(1466,288,234)
(1466,89,49)
(1466,67,216)
(1466,285,49)
(1466,209,216)
(1466,288,206)
(1466,67,49)
(1466,292,206)
(1466,288,49)
(1466,157,24)
(1466,292,49)
(1466,292,346)
(1466,67,234)
(1466,157,234)
(1466,265,49)
(1466,289,216)
(1466,289,346)
(1466,89,39)
(1466,157,39)
(1466,89,234)
(1466,285,216)
(1466,292,39)
(1466,292,234)
(1466,265,24)
(1466,285,24)
(1466,89,24)
(1466,285,346)
(1466,285,39)
(1466,292,216)
(1466,289,206)
(1466,289,39)
(1466,289,9482)
(1466,67,24)
(1466,67,206)
(1466,289,234)
(1466,292,24)
(1466,265,346)
(1466,289,24)
(1466,89,216)
(1466,67,39)
(1466,89,206)
(1466,67,346)
(1466,288,24)
(1466,289,49)
(1466,157,206)
(1466,288,39)
(1471,289,4081)
(1471,289,370)
(1471,89,208)
(1471,289,698)
(1471,289,9492)
(1471,292,208)
(1471,67,208)
(1471,289,206)
(1471,289,9495)
(1471,288,208)
(1471,67,206)
(1471,289,9494)
(1471,289,208)
(1471,89,206)
(1472,159,78)
(1472,154,387)
(1472,154,78)
(1478,67,39)
(1478,289,130)
(1478,89,39)
(1478,292,24)
(1478,89,18)
(1478,292,130)
(1478,89,231)
(1478,288,231)
(1478,288,102)
(1478,67,130)
(1478,292,231)
(1478,289,18)
(1478,89,130)
(1478,89,24)
(1478,289,39)
(1478,289,662)
(1478,288,39)
(1478,67,102)
(1478,288,18)
(1478,67,24)
(1478,288,130)
(1478,475,102)
(1478,292,39)
(1478,289,24)
(1478,288,662)
(1478,288,24)
(1478,67,18)
(1485,228,73)
(1485,511,73)
(1486,203,389)
(1486,173,389)
(1486,173,79)
(1486,203,79)
(1489,292,664)
(1491,65,389)
(1491,72,389)
(1491,190,389)
(1492,72,24)
(1492,72,39)
(1492,72,18)
(1492,153,18)
(1496,230,73)
(1496,285,73)
(1496,173,73)
(1496,72,73)
(1496,72,74)
(1503,233,234)
(1503,257,234)
(1503,72,61)
(1503,89,234)
(1503,198,285)
(1503,67,285)
(1503,72,285)
(1503,65,285)
(1503,157,507)
(1503,233,61)
(1503,67,234)
(1503,289,285)
(1503,72,507)
(1503,300,234)
(1503,89,285)
(1503,207,285)
(1503,292,234)
(1503,157,234)
(1503,191,234)
(1503,190,285)
(1503,288,285)
(1503,288,234)
(1503,154,285)
(1503,190,234)
(1503,289,234)
(1503,233,9679)
(1503,233,285)
(1503,233,507)
(1503,72,234)
(1508,207,73)
(1508,154,73)
(1508,154,18)
(1508,203,73)
(1508,227,73)
(1508,198,73)
(1508,207,81)
(1508,154,81)
(1511,288,208)
(1511,89,208)
(1511,67,208)
(1511,257,208)
(1511,289,208)
(1511,292,208)
(1514,72,74)
(1514,1084,74)
(1514,75,74)
(1516,292,24)
(1516,300,24)
(1516,289,24)
(1516,289,9727)
(1516,89,24)
(1516,265,24)
(1516,67,24)
(1516,89,9727)
(1517,67,508)
(1517,289,508)
(1517,257,508)
(1517,285,508)
(1517,257,2380)
(1517,89,508)
(1522,191,79)
(1522,227,195)
(1522,223,79)
(1522,227,247)
(1522,227,192)
(1522,67,192)
(1522,233,79)
(1522,89,79)
(1522,207,79)
(1522,207,195)
(1527,227,306)
(1527,154,81)
(1527,154,195)
(1527,154,79)
(1527,499,79)
(1527,371,79)
(1527,289,79)
(1527,227,195)
(1527,154,84)
(1527,903,195)
(1527,512,79)
(1532,288,24)
(1532,67,24)
(1532,289,24)
(1532,306,24)
(1532,257,24)
(1532,89,24)
(1532,285,24)
(1532,157,24)
(1533,292,130)
(1533,344,130)
(1533,257,130)
(1533,289,130)
(1533,257,936)
(1535,289,354)
(1535,288,24)
(1535,190,238)
(1535,285,238)
(1535,72,238)
(1535,157,24)
(1535,89,24)
(1535,257,24)
(1535,157,238)
(1535,67,354)
(1535,257,238)
(1535,289,24)
(1535,289,238)
(1535,289,109)
(1535,67,24)
(1535,89,238)
(1535,72,24)
(1535,285,24)
(1535,227,24)
(1535,157,109)
(1535,227,724)
(1535,89,724)
(1535,67,109)
(1535,289,698)
(1535,67,238)
(1540,67,39)
(1540,89,39)
(1549,173,389)
(1549,173,79)
(1549,173,73)
(1549,163,81)
(1549,163,73)
(1549,173,81)
(1552,289,2868)
(1553,39,30)
(1553,504,73)
(1553,39,9745)
(1553,39,191)
(1553,707,73)
(1553,289,73)
(1553,292,73)
(1553,228,73)
(1553,39,9846)
(1553,289,130)
(1553,289,850)
(1553,292,130)
(1553,39,850)
(1553,39,575)
(1553,187,850)
(1555,279,39)
(1555,257,1735)
(1555,285,39)
(1555,257,9852)
(1555,257,167)
(1555,279,130)
(1555,89,130)
(1555,89,39)
(1555,257,39)
(1555,257,1755)
(1555,279,167)
(1555,285,130)
(1555,257,9851)
(1555,67,39)
(1555,289,39)
(1555,157,39)
(1555,257,130)
(1555,285,167)
(1555,67,167)
(1555,289,130)
(1555,289,167)
(1555,67,130)
(1555,157,167)
(1560,289,130)
(1560,300,39)
(1560,300,24)
(1560,289,39)
(1560,89,18)
(1560,173,24)
(1560,288,130)
(1560,227,24)
(1560,89,130)
(1560,289,636)
(1560,257,39)
(1560,67,24)
(1560,295,24)
(1560,230,210)
(1560,289,24)
(1560,292,39)
(1560,291,24)
(1560,89,210)
(1560,288,18)
(1560,288,39)
(1560,293,39)
(1560,292,210)
(1560,257,130)
(1560,292,24)
(1560,173,18)
(1560,257,210)
(1560,292,18)
(1560,291,130)
(1560,157,24)
(1560,288,24)
(1560,289,18)
(1560,89,24)
(1560,300,130)
(1560,257,24)
(1560,157,39)
(1560,67,39)
(1560,67,130)
(1560,157,210)
(1560,67,18)
(1560,289,210)
(1560,293,130)
(1560,293,24)
(1560,292,130)
(1560,289,2868)
(1560,89,39)
(1560,67,210)
(1562,227,191)
(1562,220,191)
(1562,220,2465)
(1562,220,9866)
(1562,163,191)
(1562,220,9865)
(1564,89,24)
(1564,295,24)
(1564,288,130)
(1564,288,24)
(1564,67,130)
(1564,289,24)
(1564,67,24)
(1564,289,130)
(1564,89,130)
(1564,289,636)
(1565,154,81)
(1566,154,81)
(1566,173,81)
(1566,154,195)
(1566,173,195)
(1566,227,195)
(1570,289,130)
(1570,289,79)
(1570,289,49)
(1570,289,24)
(1570,289,73)
(1570,289,134)
(1572,89,18)
(1572,289,238)
(1572,67,210)
(1572,289,228)
(1572,157,24)
(1572,292,18)
(1572,67,130)
(1572,67,209)
(1572,288,24)
(1572,285,208)
(1572,289,1668)
(1572,292,508)
(1572,292,364)
(1572,89,130)
(1572,157,238)
(1572,190,210)
(1572,293,24)
(1572,89,238)
(1572,289,208)
(1572,288,18)
(1572,89,208)
(1572,292,208)
(1572,67,285)
(1572,285,508)
(1572,285,238)
(1572,67,238)
(1572,67,508)
(1572,289,508)
(1572,288,508)
(1572,289,39)
(1572,289,209)
(1572,89,209)
(1572,288,285)
(1572,292,130)
(1572,285,24)
(1572,67,208)
(1572,285,210)
(1572,289,24)
(1572,190,364)
(1572,288,208)
(1572,289,18)
(1572,288,130)
(1572,67,39)
(1572,67,24)
(1572,344,508)
(1572,157,39)
(1572,288,364)
(1572,344,228)
(1572,190,285)
(1572,289,410)
(1572,288,39)
(1572,289,130)
(1572,89,508)
(1572,292,210)
(1572,285,39)
(1572,67,18)
(1572,292,238)
(1572,190,238)
(1572,293,39)
(1572,190,508)
(1572,293,130)
(1572,289,210)
(1572,285,209)
(1572,344,24)
(1572,89,24)
(1572,157,209)
(1572,89,228)
(1572,289,285)
(1572,344,130)
(1572,157,210)
(1572,190,18)
(1572,285,130)
(1572,292,209)
(1572,344,364)
(1572,344,285)
(1572,292,39)
(1572,292,24)
(1572,67,364)
(1572,289,364)
(1572,89,39)
(1573,190,84)
(1573,190,387)
(1573,228,84)
(1573,207,84)
(1573,227,387)
(1577,289,167)
(1577,257,1632)
(1577,279,24)
(1577,257,6725)
(1577,257,9941)
(1577,285,24)
(1577,285,167)
(1577,67,24)
(1577,279,167)
(1577,257,24)
(1577,257,167)
(1577,257,9942)
(1577,257,9943)
(1577,67,167)
(1577,289,24)
(1577,257,9940)
(1578,289,167)
(1578,289,24)
(1578,157,24)
(1578,157,167)
(1582,217,81)
(1582,227,73)
(1584,191,109)
(1584,289,109)
(1584,289,24)
(1584,223,1354)
(1584,223,73)
(1584,378,73)
(1584,191,73)
(1584,289,73)
(1584,325,109)
(1584,209,73)
(1584,209,181)
(1585,72,74)
(1585,72,2726)
(1585,72,39)
(1585,72,352)
(1585,72,203)
(1585,72,16)
(1585,72,285)
(1585,72,17)
(1585,72,25)
(1585,159,16)
(1585,72,18)
(1585,159,25)
(1586,841,91)
(1594,190,387)
(1595,72,6855)
(1595,72,508)
(1596,227,247)
(1596,227,73)
(1596,227,192)
(1600,89,10013)
(1605,374,39)
(1605,288,39)
(1605,289,167)
(1605,257,167)
(1605,288,24)
(1605,289,130)
(1605,67,18)
(1605,67,167)
(1605,67,130)
(1605,289,39)
(1605,292,24)
(1605,289,18)
(1605,89,39)
(1605,257,24)
(1605,300,39)
(1605,306,39)
(1605,288,18)
(1605,289,24)
(1605,306,24)
(1605,89,167)
(1605,257,39)
(1605,257,130)
(1605,295,24)
(1605,374,130)
(1605,89,18)
(1605,295,167)
(1605,300,130)
(1605,292,39)
(1605,89,24)
(1605,288,130)
(1605,288,167)
(1605,306,18)
(1605,89,130)
(1605,67,39)
(1605,292,130)
(1605,306,130)
(1605,154,18)
(1605,292,18)
(1605,300,18)
(1605,300,24)
(1605,67,24)
(1605,292,167)
(1606,89,10055)
(1606,89,24)
(1606,289,2185)
(1606,285,238)
(1606,289,238)
(1606,289,3029)
(1606,89,10054)
(1606,288,24)
(1606,289,2099)
(1606,89,1123)
(1606,289,10047)
(1606,89,324)
(1606,289,4162)
(1606,289,2866)
(1606,289,10045)
(1606,289,2868)
(1606,289,24)
(1606,89,1124)
(1606,306,24)
(1606,289,6557)
(1606,292,24)
(1606,289,10056)
(1606,292,238)
(1606,344,24)
(1606,289,10046)
(1606,289,10048)
(1606,285,24)
(1606,289,10049)
(1608,67,10061)
(1616,289,18)
(1616,190,18)
(1616,89,39)
(1616,257,209)
(1616,257,10086)
(1616,67,18)
(1616,289,130)
(1616,257,936)
(1616,300,18)
(1616,257,39)
(1616,289,39)
(1616,300,130)
(1616,289,209)
(1616,72,352)
(1616,67,39)
(1616,67,25)
(1616,67,209)
(1616,288,39)
(1616,257,352)
(1616,72,209)
(1616,285,209)
(1616,89,209)
(1616,285,130)
(1616,190,352)
(1616,292,39)
(1616,288,18)
(1616,72,39)
(1616,173,18)
(1616,72,25)
(1616,285,25)
(1616,289,352)
(1616,89,130)
(1616,292,209)
(1616,285,352)
(1616,89,18)
(1616,292,130)
(1616,72,18)
(1616,288,130)
(1616,67,352)
(1616,300,39)
(1616,292,18)
(1616,285,39)
(1616,67,130)
(1616,257,130)
(1626,163,26)
(1626,163,10147)
(1628,289,2934)
(1628,289,2637)
(1628,289,10151)
(1628,289,3955)
(1628,289,6021)
(1633,288,208)
(1633,288,130)
(1633,306,130)
(1633,300,130)
(1633,285,130)
(1633,295,208)
(1633,285,208)
(1634,227,185)
(1634,195,824)
(1634,195,292)
(1634,227,292)
(1634,205,81)
(1634,159,81)
(1634,205,134)
(1634,195,213)
(1634,205,757)
(1635,72,81)
(1642,72,10261)
(1642,72,18)
(1642,72,570)
(1643,159,127)
(1643,72,127)
(1647,289,39)
(1647,289,508)
(1647,289,1319)
(1647,157,24)
(1647,344,24)
(1647,289,130)
(1647,344,285)
(1647,344,234)
(1647,289,216)
(1647,157,508)
(1647,289,234)
(1647,289,24)
(1647,289,636)
(1647,157,234)
(1647,344,508)
(1647,344,130)
(1647,157,39)
(1647,289,285)
(1648,67,10288)
(1648,67,10287)
(1648,67,10286)
(1652,289,24)
(1652,190,352)
(1652,289,10297)
(1652,289,352)
(1652,289,130)
(1653,89,238)
(1653,67,213)
(1653,279,238)
(1653,233,238)
(1653,72,287)
(1653,67,238)
(1653,233,213)
(1653,289,213)
(1653,72,213)
(1653,72,238)
(1653,289,287)
(1653,72,10307)
(1653,89,213)
(1653,289,238)
(1655,154,88)
(1655,163,387)
(1655,154,387)
(1655,163,88)
(1656,89,73)
(1656,190,195)
(1656,190,73)
(1656,227,73)
(1656,227,195)
(1656,190,389)
(1656,203,79)
(1656,203,389)
(1656,203,195)
(1656,190,79)
(1656,89,79)
(1656,203,73)
(1659,89,208)
(1659,289,208)
(1659,292,639)
(1659,289,639)
(1659,288,831)
(1659,89,1294)
(1659,285,208)
(1659,288,208)
(1659,89,831)
(1659,289,1294)
(1659,67,639)
(1659,288,1294)
(1659,89,639)
(1659,292,208)
(1659,295,208)
(1659,285,639)
(1659,289,831)
(1659,295,639)
(1659,157,831)
(1659,67,208)
(1662,285,238)
(1662,257,2700)
(1662,285,13)
(1662,288,2700)
(1662,157,238)
(1662,233,238)
(1662,190,13)
(1662,190,238)
(1662,72,527)
(1662,288,238)
(1662,289,238)
(1662,257,7041)
(1662,257,1911)
(1662,67,1911)
(1662,67,527)
(1662,289,2700)
(1662,72,238)
(1662,257,238)
(1662,257,527)
(1662,157,527)
(1662,233,1911)
(1662,257,702)
(1662,157,2700)
(1662,89,238)
(1662,292,1368)
(1662,72,13)
(1662,289,527)
(1662,67,238)
(1662,292,238)
(1666,289,10390)
(1666,289,10389)
(1676,72,127)
(1676,159,127)
(1678,67,73)
(1678,289,73)
(1678,257,39)
(1678,72,39)
(1678,67,39)
(1678,344,24)
(1678,289,24)
(1678,333,73)
(1678,300,73)
(1678,72,73)
(1678,289,658)
(1678,300,24)
(1678,300,39)
(1678,333,24)
(1678,289,636)
(1678,72,24)
(1678,257,24)
(1678,289,39)
(1678,67,24)
(1679,378,78)
(1679,190,78)
(1679,504,190)
(1679,378,190)
(1679,190,387)
(1679,377,78)
(1679,190,84)
(1679,190,81)
(1679,378,179)
(1685,190,84)
(1687,306,24)
(1687,306,130)
(1687,288,24)
(1687,306,102)
(1687,289,130)
(1687,288,39)
(1687,289,24)
(1687,89,39)
(1687,288,102)
(1687,288,130)
(1687,306,39)
(1687,289,167)
(1687,289,39)
(1687,288,167)
(1687,89,24)
(1687,89,130)
(1688,89,79)
(1688,220,78)
(1690,288,18)
(1690,190,18)
(1690,300,39)
(1690,288,199)
(1690,300,24)
(1690,89,199)
(1690,344,24)
(1690,88,24)
(1690,289,39)
(1690,173,18)
(1690,306,24)
(1690,289,203)
(1690,89,39)
(1690,289,24)
(1690,295,24)
(1690,289,199)
(1690,306,39)
(1690,173,24)
(1690,89,18)
(1690,67,39)
(1690,292,39)
(1690,289,18)
(1690,292,18)
(1690,88,18)
(1690,89,24)
(1690,292,24)
(1690,67,203)
(1690,67,24)
(1690,166,24)
(1690,89,203)
(1690,154,18)
(1690,257,24)
(1690,333,24)
(1690,300,18)
(1690,67,199)
(1690,306,18)
(1690,288,24)
(1690,67,18)
(1690,288,39)
(1690,257,39)
(1693,67,238)
(1693,67,39)
(1696,163,192)
(1696,227,387)
(1696,227,192)
(1696,227,75)
(1696,163,75)
(1696,163,387)
(1699,292,238)
(1699,300,39)
(1699,475,238)
(1699,300,508)
(1699,292,24)
(1699,295,167)
(1699,300,24)
(1699,300,238)
(1699,475,24)
(1699,292,625)
(1699,292,39)
(1699,292,508)
(1699,295,24)
(1699,300,109)
(1699,292,167)
(1700,227,73)
(1700,163,73)
(1705,207,195)
(1709,227,10570)
(1717,155,209)
(1717,289,209)
(1717,289,10644)
(1717,285,209)
(1717,157,209)
(1717,67,209)
(1717,289,10643)
(1722,289,39)
(1722,300,130)
(1722,289,24)
(1722,173,24)
(1722,157,24)
(1722,89,130)
(1722,67,10679)
(1722,285,39)
(1722,292,130)
(1722,257,24)
(1722,300,24)
(1722,289,130)
(1722,265,130)
(1722,288,24)
(1722,157,39)
(1722,257,39)
(1722,285,130)
(1722,300,39)
(1722,89,24)
(1722,288,130)
(1722,89,39)
(1722,265,24)
(1722,67,130)
(1722,67,24)
(1722,51,39)
(1722,288,39)
(1722,292,24)
(1722,292,39)
(1722,67,39)
(1722,285,24)
(1722,257,130)
(1724,173,846)
(1725,89,831)
(1725,157,831)
(1725,288,831)
(1725,289,831)
(1726,209,216)
(1726,67,216)
(1726,289,1447)
(1726,157,24)
(1726,292,39)
(1726,190,18)
(1726,292,216)
(1726,67,39)
(1726,289,18)
(1726,292,24)
(1726,289,24)
(1726,67,18)
(1726,157,39)
(1726,289,216)
(1726,289,39)
(1726,289,10686)
(1726,292,18)
(1726,333,24)
(1726,67,49)
(1726,289,49)
(1726,289,643)
(1726,67,24)
(1726,292,49)
(1726,289,10687)
(1726,289,70)
(1728,72,575)
(1728,1084,575)
(1728,1084,514)
(1728,72,513)
(1728,72,364)
(1728,72,10694)
(1728,72,4356)
(1728,72,713)
(1728,72,2380)
(1728,72,213)
(1728,72,25)
(1728,72,2734)
(1728,72,10693)
(1728,72,234)
(1728,72,2726)
(1728,72,352)
(1728,72,500)
(1728,72,514)
(1728,72,10695)
(1728,72,10692)
(1728,72,19)
(1728,72,4895)
(1728,72,195)
(1728,72,121)
(1728,72,447)
(1728,72,2520)
(1728,72,955)
(1728,72,1212)
(1728,72,2336)
(1728,72,3605)
(1728,72,835)
(1728,72,1348)
(1728,72,799)
(1728,187,25)
(1734,294,1445)
(1734,294,10741)
(1734,190,56)
(1734,294,10740)
(1734,294,56)
(1741,292,206)
(1741,288,206)
(1741,157,206)
(1741,67,206)
(1741,344,206)
(1741,289,206)
(1742,89,1956)
(1742,89,5518)
(1742,89,10783)
(1742,257,781)
(1742,89,781)
(1742,89,658)
(1742,288,781)
(1746,72,207)
(1753,67,24)
(1753,89,24)
(1753,89,39)
(1753,289,24)
(1753,289,18)
(1753,67,18)
(1753,233,229)
(1753,89,229)
(1753,67,39)
(1753,289,39)
(1753,89,5518)
(1753,289,229)
(1753,89,18)
(1757,292,18)
(1757,89,1237)
(1757,285,24)
(1757,292,210)
(1757,285,481)
(1757,89,24)
(1757,173,18)
(1757,89,781)
(1757,377,210)
(1757,289,481)
(1757,292,481)
(1757,230,210)
(1757,300,24)
(1757,289,130)
(1757,300,18)
(1757,292,24)
(1757,285,210)
(1757,289,210)
(1757,300,210)
(1757,89,481)
(1757,257,24)
(1757,285,130)
(1757,292,39)
(1757,257,39)
(1757,89,39)
(1757,173,1237)
(1757,475,24)
(1757,289,1237)
(1757,89,210)
(1757,289,39)
(1757,89,18)
(1757,190,18)
(1757,257,210)
(1757,333,130)
(1757,257,130)
(1757,292,130)
(1757,333,24)
(1757,173,24)
(1757,190,210)
(1757,289,18)
(1757,89,130)
(1757,257,781)
(1757,289,24)
(1757,300,130)
(1757,89,706)
(1757,233,18)
(1757,285,39)
(1757,300,39)
(1759,207,73)
(1759,207,210)
(1759,233,370)
(1759,233,73)
(1760,234,79)
(1760,234,78)
(1760,917,127)
(1760,234,73)
(1766,285,3255)
(1766,292,10909)
(1766,292,10917)
(1766,292,3255)
(1766,292,10908)
(1766,292,10915)
(1766,292,10916)
(1769,157,24)
(1769,344,24)
(1769,289,24)
(1769,89,24)
(1769,412,182)
(1769,300,24)
(1769,292,24)
(1769,67,24)
(1769,209,182)
(1769,288,24)
(1769,257,24)
(1769,291,24)
(1769,289,182)
(1769,306,24)
(1771,89,199)
(1771,289,639)
(1771,289,24)
(1771,67,39)
(1771,257,24)
(1771,192,24)
(1771,289,209)
(1771,285,352)
(1771,157,831)
(1771,289,210)
(1771,67,215)
(1771,89,228)
(1771,285,39)
(1771,289,10936)
(1771,89,39)
(1771,67,209)
(1771,257,209)
(1771,289,215)
(1771,257,210)
(1771,344,228)
(1771,157,210)
(1771,285,639)
(1771,257,352)
(1771,67,199)
(1771,67,24)
(1771,89,210)
(1771,289,6104)
(1771,285,210)
(1771,157,24)
(1771,89,209)
(1771,89,831)
(1771,67,639)
(1771,157,352)
(1771,89,639)
(1771,285,24)
(1771,289,662)
(1771,89,24)
(1771,157,209)
(1771,289,199)
(1771,289,831)
(1771,289,228)
(1771,289,10943)
(1771,257,662)
(1771,285,209)
(1771,67,210)
(1771,344,24)
(1771,157,39)
(1771,89,215)
(1771,289,39)
(1771,257,39)
(1771,289,352)
(1771,289,10946)
(1771,67,352)
(1776,344,206)
(1776,344,508)
(1777,72,39)
(1777,72,309)
(1777,30,18)
(1777,441,16)
(1777,173,79)
(1777,51,16)
(1777,72,18)
(1777,72,575)
(1777,51,18)
(1777,51,79)
(1777,173,18)
(1777,30,17)
(1777,72,79)
(1777,72,17)
(1777,72,16)
(1777,51,39)
(1777,51,74)
(1777,72,514)
(1777,72,187)
(1777,441,61)
(1777,72,9)
(1777,72,74)
(1777,228,79)
(1777,72,494)
(1777,441,18)
(1777,72,61)
(1777,441,79)
(1777,51,187)
(1780,292,208)
(1780,89,3999)
(1780,289,2014)
(1780,288,208)
(1780,89,2014)
(1780,89,10998)
(1780,89,208)
(1780,89,10999)
(1780,285,208)
(1780,67,208)
(1780,289,208)
(1780,289,3999)
(1780,89,11000)
(1780,89,11012)
(1783,207,249)
(1783,207,84)
(1783,207,389)
(1783,207,11032)
(1785,154,5331)
(1791,257,11052)
(1792,163,247)
(1792,227,247)
(1792,227,192)
(1792,227,528)
(1792,227,75)
(1792,220,192)
(1792,227,108)
(1792,163,387)
(1792,163,88)
(1792,1110,108)
(1792,227,88)
(1792,163,192)
(1792,212,247)
(1792,227,3609)
(1792,706,192)
(1792,227,185)
(1792,1110,192)
(1792,227,387)
(1792,163,75)
(1792,212,192)
(1795,89,18)
(1795,58,18)
(1795,89,73)
(1795,289,79)
(1795,289,18)
(1795,67,18)
(1795,289,73)
(1795,67,73)
(1795,89,79)
(1797,173,79)
(1797,173,195)
(1797,173,78)
(1797,227,387)
(1797,227,73)
(1797,173,73)
(1797,227,195)
(1797,227,78)
(1798,72,16)
(1798,59,16)
(1798,159,16)
(1799,289,167)
(1799,257,346)
(1799,257,167)
(1799,289,508)
(1799,289,346)
(1799,257,508)
(1810,288,11145)
(1810,288,208)
(1810,288,24)
(1813,289,508)
(1813,288,662)
(1813,291,24)
(1813,289,24)
(1813,190,508)
(1813,89,508)
(1813,89,730)
(1813,89,24)
(1813,292,508)
(1813,289,730)
(1813,288,24)
(1813,67,24)
(1813,295,24)
(1813,292,24)
(1813,289,662)
(1813,288,508)
(1813,292,730)
(1813,157,24)
(1813,67,508)
(1821,67,209)
(1821,289,1673)
(1821,292,11188)
(1821,289,209)
(1821,89,209)
(1821,292,209)
(1821,289,11185)
(1824,227,1434)
(1828,285,210)
(1828,285,352)
(1828,288,18)
(1828,285,24)
(1828,289,352)
(1828,257,24)
(1828,285,130)
(1828,257,208)
(1828,292,39)
(1828,292,209)
(1828,292,130)
(1828,288,208)
(1828,306,39)
(1828,289,209)
(1828,285,346)
(1828,257,508)
(1828,289,346)
(1828,89,130)
(1828,288,24)
(1828,89,209)
(1828,289,18)
(1828,285,481)
(1828,89,508)
(1828,257,352)
(1828,257,130)
(1828,257,39)
(1828,288,508)
(1828,289,127)
(1828,292,508)
(1828,289,39)
(1828,89,18)
(1828,300,24)
(1828,288,39)
(1828,289,481)
(1828,289,130)
(1828,89,208)
(1828,306,24)
(1828,89,24)
(1828,289,24)
(1828,292,208)
(1828,306,18)
(1828,292,481)
(1828,89,39)
(1828,257,210)
(1828,300,130)
(1828,292,18)
(1828,285,208)
(1828,285,209)
(1828,289,354)
(1828,289,210)
(1828,288,130)
(1828,300,39)
(1828,89,1495)
(1828,292,346)
(1828,285,508)
(1828,300,508)
(1828,289,1495)
(1828,292,210)
(1828,292,24)
(1828,289,508)
(1828,257,209)
(1828,285,39)
(1828,306,130)
(1828,288,127)
(1828,289,208)
(1835,59,18)
(1835,88,18)
(1835,59,25)
(1835,72,16)
(1835,173,18)
(1835,72,25)
(1835,72,74)
(1835,72,18)
(1835,190,18)
(1835,30,18)
(1835,190,74)
(1835,288,18)
(1835,59,16)
(1845,72,73)
(1845,599,192)
(1845,227,247)
(1845,227,192)
(1845,72,195)
(1845,157,247)
(1845,227,73)
(1845,157,192)
(1845,599,195)
(1845,599,247)
(1845,227,195)
(1845,159,73)
(1845,157,73)
(1846,289,229)
(1846,227,352)
(1846,233,229)
(1846,227,229)
(1846,289,352)
(1850,67,238)
(1850,289,509)
(1850,289,203)
(1850,67,24)
(1850,289,200)
(1850,67,39)
(1850,67,130)
(1850,289,238)
(1850,289,210)
(1850,289,18)
(1850,289,208)
(1850,289,234)
(1850,67,234)
(1850,289,1613)
(1850,67,200)
(1850,67,127)
(1850,289,228)
(1850,289,127)
(1850,289,24)
(1850,289,216)
(1850,67,18)
(1850,67,210)
(1850,67,199)
(1850,289,483)
(1850,289,199)
(1850,289,347)
(1850,67,1613)
(1850,289,39)
(1850,67,509)
(1850,67,216)
(1850,67,208)
(1850,67,203)
(1850,289,130)
(1850,67,483)
(1851,191,228)
(1851,89,234)
(1851,289,232)
(1851,288,508)
(1851,288,285)
(1851,289,285)
(1851,288,238)
(1851,89,228)
(1851,291,364)
(1851,288,234)
(1851,291,213)
(1851,289,839)
(1851,265,508)
(1851,67,39)
(1851,89,24)
(1851,89,238)
(1851,288,206)
(1851,344,228)
(1851,67,364)
(1851,89,39)
(1851,89,364)
(1851,67,285)
(1851,344,839)
(1851,344,232)
(1851,67,234)
(1851,89,130)
(1851,89,206)
(1851,292,231)
(1851,89,839)
(1851,67,24)
(1851,289,364)
(1851,289,238)
(1851,289,24)
(1851,265,231)
(1851,288,130)
(1851,191,234)
(1851,288,730)
(1851,191,232)
(1851,344,206)
(1851,344,24)
(1851,289,228)
(1851,289,39)
(1851,289,670)
(1851,292,234)
(1851,291,24)
(1851,292,670)
(1851,227,24)
(1851,289,636)
(1851,344,364)
(1851,288,232)
(1851,67,206)
(1851,265,24)
(1851,344,285)
(1851,67,213)
(1851,288,364)
(1851,89,285)
(1851,289,213)
(1851,292,228)
(1851,265,364)
(1851,291,130)
(1851,229,508)
(1851,289,231)
(1851,89,730)
(1851,291,231)
(1851,291,285)
(1851,292,206)
(1851,289,730)
(1851,292,130)
(1851,344,234)
(1851,89,232)
(1851,288,24)
(1851,265,130)
(1851,344,508)
(1851,67,839)
(1851,89,231)
(1851,289,508)
(1851,229,285)
(1851,67,238)
(1851,289,234)
(1851,288,39)
(1851,344,130)
(1851,288,228)
(1851,229,24)
(1851,67,231)
(1851,288,231)
(1851,289,206)
(1851,89,636)
(1851,292,24)
(1851,292,39)
(1851,292,508)
(1851,288,213)
(1851,89,213)
(1851,292,730)
(1851,89,508)
(1851,292,238)
(1851,227,206)
(1851,191,213)
(1851,292,364)
(1851,67,130)
(1851,291,234)
(1851,292,213)
(1851,289,130)
(1851,67,508)
(1851,289,2099)
(1864,227,192)
(1865,72,1)
(1865,72,79)
(1865,207,79)
(1865,89,79)
(1866,72,195)
(1866,72,16)
(1868,917,2277)
(1868,917,415)
(1868,917,386)
(1869,285,1092)
(1869,265,24)
(1869,288,49)
(1869,157,505)
(1869,292,346)
(1869,89,49)
(1869,285,346)
(1869,192,24)
(1869,67,49)
(1869,265,49)
(1869,265,130)
(1869,72,25)
(1869,257,130)
(1869,279,130)
(1869,285,11463)
(1869,289,24)
(1869,67,24)
(1869,289,49)
(1869,157,85)
(1869,288,39)
(1869,285,39)
(1869,289,130)
(1869,289,39)
(1869,257,39)
(1869,285,85)
(1869,157,24)
(1869,285,25)
(1869,89,130)
(1869,285,49)
(1869,285,3187)
(1869,1244,24)
(1869,285,24)
(1869,292,39)
(1869,279,49)
(1869,279,3187)
(1869,89,39)
(1869,67,25)
(1869,67,346)
(1869,67,39)
(1869,344,130)
(1869,265,346)
(1869,72,505)
(1869,344,24)
(1869,72,39)
(1869,285,11458)
(1869,257,24)
(1869,292,49)
(1869,89,24)
(1869,288,24)
(1869,173,24)
(1869,285,792)
(1869,292,24)
(1869,279,24)
(1869,157,39)
(1869,285,130)
(1869,72,792)
(1869,67,130)
(1869,285,1870)
(1869,157,1870)
(1869,285,1031)
(1869,344,49)
(1869,279,39)
(1869,207,39)
(1869,289,346)
(1869,157,25)
(1869,285,505)
(1869,292,130)
(1869,288,130)
(1871,293,24)
(1871,289,24)
(1875,207,8392)
(1875,154,8392)
(1875,154,11488)
(1885,154,87)
(1885,154,33)
(1885,154,213)
(1885,418,33)
(1885,418,87)
(1885,418,213)
(1894,89,24)
(1894,257,24)
(1894,279,24)
(1894,285,24)
(1894,67,24)
(1894,293,24)
(1894,157,24)
(1894,289,24)
(1895,306,24)
(1895,257,24)
(1895,257,39)
(1895,89,1357)
(1895,285,39)
(1895,288,39)
(1895,289,24)
(1895,288,24)
(1895,306,39)
(1895,72,39)
(1895,367,39)
(1895,265,24)
(1895,72,24)
(1895,292,39)
(1895,292,24)
(1895,295,24)
(1895,289,39)
(1895,333,24)
(1895,300,24)
(1895,300,39)
(1895,344,24)
(1895,51,39)
(1895,89,39)
(1895,67,39)
(1895,89,24)
(1895,67,24)
(1895,285,24)
(1908,67,7078)
(1909,289,134)
(1909,289,24)
(1909,289,130)
(1909,289,39)
(1909,289,209)
(1909,289,636)
(1919,190,81)
(1919,207,81)
(1919,207,84)
(1919,190,84)
(1921,295,24)
(1922,154,79)
(1922,418,79)
(1922,226,79)
(1922,233,79)
(1924,154,1611)
(1931,163,192)
(1931,163,73)
(1931,227,73)
(1931,227,24)
(1931,227,192)
(1931,72,195)
(1931,72,24)
(1931,190,195)
(1931,163,247)
(1931,227,1434)
(1931,227,247)
(1931,72,73)
(1931,227,195)
(1931,190,73)
(1934,375,1237)
(1934,375,49)
(1934,375,364)
(1934,375,4679)
(1934,375,1316)
(1934,375,2608)
(1934,289,49)
(1934,375,2666)
(1934,375,9323)
(1934,289,352)
(1934,289,229)
(1934,375,724)
(1934,289,1237)
(1934,375,541)
(1934,375,781)
(1934,375,11778)
(1934,375,8414)
(1934,375,8025)
(1934,375,352)
(1934,375,140)
(1934,187,24)
(1934,289,130)
(1934,375,130)
(1934,375,315)
(1934,289,1753)
(1934,289,24)
(1934,375,706)
(1934,375,11772)
(1934,375,229)
(1934,375,24)
(1934,289,364)
(1934,375,1753)
(1934,375,11610)
(1934,375,98)
(1935,89,79)
(1935,89,229)
(1935,209,79)
(1935,300,109)
(1941,182,73)
(1941,173,73)
(1941,166,73)
(1941,154,73)
(1950,154,81)
(1952,227,108)
(1954,291,24)
(1954,289,229)
(1954,292,229)
(1954,289,39)
(1954,292,3796)
(1954,306,24)
(1954,288,364)
(1954,233,229)
(1954,292,11884)
(1954,72,364)
(1954,288,24)
(1954,157,134)
(1954,157,238)
(1954,289,24)
(1954,292,1368)
(1954,292,364)
(1954,292,664)
(1954,257,39)
(1954,292,24)
(1954,292,4073)
(1954,72,39)
(1954,289,797)
(1954,157,39)
(1954,292,238)
(1954,157,24)
(1954,306,39)
(1954,292,797)
(1954,292,2707)
(1954,292,39)
(1954,157,209)
(1954,292,1445)
(1954,292,670)
(1954,288,39)
(1954,289,238)
(1954,292,2226)
(1954,292,231)
(1954,292,134)
(1954,306,231)
(1954,289,209)
(1954,289,364)
(1954,292,665)
(1954,257,209)
(1954,288,231)
(1954,233,797)
(1954,257,24)
(1954,300,24)
(1954,72,229)
(1954,300,39)
(1954,289,134)
(1954,72,238)
(1954,292,667)
(1954,292,209)
(1954,72,209)
(1954,292,673)
(1954,257,238)
(1954,292,214)
(1954,233,238)
(1959,67,1727)
(1959,292,24)
(1959,89,39)
(1959,89,2014)
(1959,295,24)
(1959,257,39)
(1959,292,1727)
(1959,67,24)
(1959,292,39)
(1959,333,24)
(1959,289,1727)
(1959,300,39)
(1959,288,208)
(1959,67,208)
(1959,257,208)
(1959,89,208)
(1959,89,24)
(1959,300,24)
(1959,292,208)
(1959,89,1727)
(1959,289,24)
(1959,344,24)
(1959,321,24)
(1959,295,208)
(1959,289,208)
(1959,289,2014)
(1959,291,24)
(1959,289,39)
(1959,288,39)
(1959,89,11923)
(1959,288,24)
(1959,257,24)
(1959,67,39)
(1963,89,508)
(1963,344,24)
(1963,289,39)
(1963,289,73)
(1963,89,167)
(1963,289,203)
(1963,89,730)
(1963,289,130)
(1963,89,238)
(1963,89,724)
(1963,344,285)
(1963,288,364)
(1963,89,203)
(1963,289,730)
(1963,89,285)
(1963,344,234)
(1963,289,357)
(1963,288,231)
(1963,288,508)
(1963,89,200)
(1963,289,199)
(1963,89,234)
(1963,89,73)
(1963,288,234)
(1963,289,109)
(1963,89,357)
(1963,289,636)
(1963,288,39)
(1963,289,234)
(1963,344,228)
(1963,89,199)
(1963,288,24)
(1963,89,216)
(1963,89,228)
(1963,289,231)
(1963,89,49)
(1963,289,18)
(1963,89,39)
(1963,89,213)
(1963,289,228)
(1963,288,285)
(1963,289,285)
(1963,289,238)
(1963,289,483)
(1963,89,231)
(1963,289,508)
(1963,289,364)
(1963,288,213)
(1963,289,200)
(1963,89,18)
(1963,89,483)
(1963,89,10546)
(1963,289,216)
(1963,289,352)
(1963,344,364)
(1963,288,130)
(1963,289,213)
(1963,288,18)
(1963,288,167)
(1963,289,24)
(1963,288,199)
(1963,289,346)
(1963,289,49)
(1963,344,508)
(1963,89,130)
(1963,344,49)
(1963,344,130)
(1963,89,364)
(1963,289,167)
(1963,89,24)
(1963,289,354)
(1963,288,49)
(1969,267,1007)
(1969,267,11974)
(1974,72,352)
(1974,72,24)
(1977,418,79)
(1977,418,81)
(1978,706,25)
(1978,163,352)
(1978,841,386)
(1978,163,25)
(1978,917,1)
(1978,706,386)
(1978,706,72)
(1978,917,285)
(1978,163,72)
(1978,154,285)
(1978,917,386)
(1978,841,91)
(1978,154,73)
(1978,706,1)
(1978,841,617)
(1978,706,73)
(1978,163,73)
(1979,67,208)
(1979,257,209)
(1979,295,208)
(1979,288,127)
(1979,289,1295)
(1979,292,209)
(1979,67,358)
(1979,292,208)
(1979,67,1295)
(1979,67,12066)
(1979,292,1727)
(1979,289,127)
(1979,89,127)
(1979,89,1727)
(1979,89,208)
(1979,289,639)
(1979,67,127)
(1979,300,639)
(1979,67,1727)
(1979,67,689)
(1979,67,1745)
(1979,289,3917)
(1979,157,209)
(1979,289,215)
(1979,257,208)
(1979,289,208)
(1979,288,208)
(1979,89,215)
(1979,67,639)
(1979,89,639)
(1979,289,1727)
(1979,67,3917)
(1979,65,127)
(1979,292,639)
(1979,289,1311)
(1979,288,1295)
(1979,67,215)
(1979,295,639)
(1979,289,209)
(1979,289,358)
(1979,67,1311)
(1979,89,209)
(1979,67,209)
(1981,187,24)
(1981,182,526)
(1981,182,195)
(1981,182,389)
(1981,182,79)
(1981,182,73)
(1981,182,24)
(1981,182,2466)
(1981,192,24)
(1981,182,81)
(1989,748,13)
(1992,154,824)
(1997,227,662)
(1997,227,799)
(2001,707,1)
(2003,89,127)
(2003,289,127)
(2009,173,79)
(2009,173,73)
(2009,59,79)
(2009,89,73)
(2009,89,79)
(2009,173,195)
(2013,154,127)
(2014,159,12208)
(2014,72,4356)
(2014,159,4356)
(2016,603,33)
(2016,154,33)
(2016,190,33)
(2016,744,33)
(2016,81,130)
(2016,72,33)
(2017,289,18)
(2017,154,18)
(2017,182,81)
(2017,289,79)
(2017,182,79)
(2017,289,39)
(2017,154,79)
(2017,154,81)
(2017,289,309)
(2017,154,78)
(2018,67,39)
(2018,289,12249)
(2018,292,39)
(2018,292,12252)
(2018,289,39)
(2018,89,208)
(2018,67,2806)
(2018,292,208)
(2018,292,229)
(2018,289,662)
(2018,289,229)
(2018,157,39)
(2018,289,208)
(2018,292,12239)
(2018,89,39)
(2018,292,662)
(2018,293,39)
(2018,89,229)
(2018,292,4911)
(2018,288,39)
(2018,257,39)
(2018,288,662)
(2018,306,662)
(2018,257,662)
(2018,300,662)
(2018,257,208)
(2018,67,208)
(2018,292,12253)
(2018,288,208)
(2018,295,208)
(2018,265,2806)
(2018,300,39)
(2018,306,39)
(2021,288,12287)
(2021,288,12298)
(2021,289,405)
(2021,89,719)
(2021,288,719)
(2021,288,4855)
(2021,89,12287)
(2021,89,8450)
(2022,190,79)
(2022,190,78)
(2022,190,73)
(2027,289,1613)
(2027,89,1613)
(2027,292,1613)
(2027,67,1613)
(2029,289,187)
(2029,190,424)
(2029,289,309)
(2029,65,78)
(2029,227,78)
(2029,190,78)
(2029,190,33)
(2029,227,184)
(2029,289,184)
(2037,265,130)
(2037,258,130)
(2037,89,130)
(2037,288,130)
(2037,290,130)
(2037,279,130)
(2037,300,130)
(2037,292,130)
(2037,257,130)
(2037,289,130)
(2037,285,130)
(2037,67,130)
(2038,154,18)
(2038,89,18)
(2038,292,18)
(2038,289,18)
(2038,300,18)
(2038,306,18)
(2038,288,18)
(2053,289,130)
(2053,67,130)
(2053,233,191)
(2053,89,130)
(2054,292,209)
(2054,289,209)
(2054,89,209)
(2054,289,12472)
(2055,227,1097)
(2058,67,25)
(2058,285,352)
(2058,67,130)
(2058,285,346)
(2058,285,130)
(2058,72,24)
(2058,285,25)
(2058,289,352)
(2058,289,346)
(2058,89,73)
(2058,67,689)
(2058,289,130)
(2058,289,208)
(2058,289,109)
(2058,67,109)
(2058,289,24)
(2058,67,24)
(2058,289,73)
(2058,285,208)
(2058,72,352)
(2058,72,73)
(2058,89,24)
(2058,67,208)
(2058,67,73)
(2058,285,24)
(2058,67,352)
(2058,89,130)
(2058,67,346)
(2058,285,73)
(2058,89,208)
(2058,72,25)
(2061,289,130)
(2061,279,701)
(2061,288,130)
(2061,344,130)
(2061,89,130)
(2061,257,130)
(2061,67,130)
(2061,300,130)
(2061,306,130)
(2061,461,130)
(2061,333,130)
(2061,291,130)
(2061,292,130)
(2061,279,130)
(2061,285,130)
(2066,378,190)
(2066,173,73)
(2066,173,1754)
(2066,378,73)
(2066,227,73)
(2067,1187,180)
(2070,234,79)
(2070,173,79)
(2070,412,79)
(2070,289,79)
(2070,498,79)
(2070,89,79)
(2070,226,79)
(2070,209,79)
(2070,191,79)
(2070,223,79)
(2070,154,79)
(2070,292,79)
(2071,289,130)
(2071,89,238)
(2071,67,130)
(2071,67,508)
(2071,89,24)
(2071,67,319)
(2071,89,130)
(2071,89,128)
(2071,289,508)
(2071,257,508)
(2071,289,24)
(2071,67,24)
(2071,289,39)
(2071,67,231)
(2071,289,238)
(2071,257,24)
(2071,89,39)
(2071,67,238)
(2071,89,231)
(2071,67,39)
(2071,257,625)
(2071,89,508)
(2071,257,238)
(2071,257,130)
(2071,257,39)
(2071,67,128)
(2071,289,231)
(2072,289,2098)
(2072,289,346)
(2072,289,24)
(2072,289,200)
(2072,291,24)
(2072,289,209)
(2077,163,1538)
(2077,163,72)
(2077,707,72)
(2080,72,74)
(2080,72,16)
(2080,72,17)
(2080,72,18)
(2084,207,12613)
(2091,238,21)
(2092,154,81)
(2092,154,195)
(2092,207,195)
(2092,207,81)
(2094,289,130)
